300
15	1	13.389737
164	1	4.199366
247	2	57.957599
13	2	2.000484
33	3	2.339045
102	3	18.474838
185	3	9.631655
50	3	7.07567
143	4	11.453392
15	4	22.726366
294	4	11.475932
15	5	30.533886
19	5	85.189341
263	5	33.02272
249	5	0.22226
24	6	415.982183
142	6	193.490996
219	7	110.944027
258	8	18.91047
166	8	7.514238
29	9	73.127039
21	9	47.513887
45	9	21.487263
236	9	2.847302
127	10	46.712407
115	10	13.838256
12	11	127.848896
252	11	27.237672
230	12	110.304792
265	12	34.29958
247	13	29.240374
217	13	16.720705
254	14	18.666549
222	14	6.933604
143	15	8.901457
115	15	39.393644
96	15	23.098797
41	16	9.903072
10	16	7.194524
162	16	0.024687
84	17	32.509851
249	17	14.248821
119	18	5.630415
223	19	30.410255
116	19	53.722806
40	19	3.938729
276	19	1.071076
36	20	75.969833
295	20	11.881923
193	20	6.468681
49	21	447.919508
68	21	24.238168
106	21	4.480387
60	22	97.280694
23	22	64.042405
169	23	36.310481
265	23	16.764304
92	23	3.775035
146	24	337.525978
272	24	212.018868
188	24	55.515352
149	25	44.60677
251	25	31.996628
196	26	21.855117
28	26	69.44811
126	26	19.430816
247	27	42.092689
2	27	28.387182
213	27	6.801157
42	28	39.154944
252	28	28.618865
125	28	26.733059
45	29	121.736963
81	29	89.714334
205	30	2.269431
35	30	14.621218
285	30	4.126496
281	30	1.054742
282	31	27.251306
272	31	26.454681
237	31	5.573227
140	32	76.592555
26	32	40.550001
19	33	29.936393
81	33	6.005748
117	33	4.390912
84	34	68.524713
99	34	34.713237
126	35	117.873005
87	35	24.227279
180	36	36.960612
84	36	29.418288
23	37	41.331093
283	37	33.609501
188	37	13.437749
150	38	7.851229
132	38	10.406178
92	38	9.867094
143	39	5.493079
239	39	20.35489
92	39	17.291632
222	39	1.316161
47	40	47.755152
276	40	16.888252
103	40	14.800057
150	41	11.507219
54	41	27.074675
73	41	9.337152
265	42	490.191828
73	43	44.083258
42	43	24.706054
145	43	15.973833
261	44	29.312285
228	44	34.44622
270	44	0.825945
6	45	30.645462
81	45	19.999416
169	46	26.315079
22	46	16.981363
145	46	2.648808
14	47	70.659509
243	47	55.205123
47	48	320.767692
182	48	18.243817
129	48	15.924277
43	49	102.911412
146	49	338.398574
265	49	19.725762
22	49	8.72957
64	50	48.86653
164	50	48.374104
87	51	61.727278
181	51	18.124386
162	52	174.43202
126	52	114.484492
183	53	53.987553
17	53	4.777007
232	53	4.40548
150	54	20.386607
43	54	12.469564
42	54	8.139476
5	55	115.914349
78	55	22.158713
111	56	68.361325
219	56	21.826586
217	57	65.764449
13	57	0.963303
39	58	115.551085
298	58	117.128879
262	58	8.684646
113	59	11.004536
254	59	16.196106
174	59	2.552881
43	60	34.463748
294	60	7.094413
268	60	0.467517
92	61	3.597427
225	61	13.936076
172	61	4.882968
254	62	60.664571
291	62	36.442807
111	63	5.944683
283	63	5.027515
243	63	4.770385
149	64	152.658023
84	64	37.225031
270	65	49.924148
152	65	43.037044
50	66	29.316208
71	66	42.347706
120	66	35.441565
71	67	29.979633
189	67	16.830662
82	68	203.068541
146	68	215.356421
110	69	38.199437
267	69	74.767991
143	69	6.259377
178	70	78.328891
163	70	43.314177
110	70	21.70749
129	71	46.750078
240	71	21.951275
110	72	119.157227
206	72	43.707622
219	72	21.036452
169	73	31.228555
132	73	16.877983
42	73	8.200412
28	74	12.424306
269	74	4.410217
74	75	66.017585
171	75	22.948357
117	76	36.158658
299	76	14.84332
243	76	0.225592
125	77	42.076418
73	77	28.06879
73	78	26.439921
97	78	2.828451
80	79	69.078139
294	79	30.315466
43	80	70.51358
21	80	44.572763
243	81	155.618487
92	82	62.628377
12	82	26.646582
231	82	7.879761
196	83	34.315262
298	83	30.249057
288	83	9.613458
25	84	185.354421
251	84	10.381029
23	85	12.17981
169	85	11.67964
295	86	18.918732
300	86	14.152702
141	86	13.750056
6	86	4.36284
299	87	113.996645
117	87	26.762822
232	87	16.408244
162	88	14.718147
164	88	30.663512
147	88	15.185281
219	89	45.993308
233	89	12.624026
240	89	0.569877
80	90	52.316106
188	90	72.619774
132	90	15.397432
28	90	2.32619
137	91	69.672076
196	91	32.77928
267	91	20.115727
132	92	456.23497
38	93	21.239857
73	93	2.317132
230	93	0.51385
294	94	21.770569
196	94	68.058982
49	94	11.731438
100	95	32.430163
208	95	13.046389
92	96	92.450542
39	96	26.306862
90	97	14.077537
196	97	33.766424
294	97	19.954014
80	97	8.331846
69	98	45.901751
103	98	29.810951
218	99	120.582666
189	99	44.786112
235	100	22.885607
25	100	3.902563
224	100	2.706092
280	101	46.361767
71	101	65.381555
293	102	57.66247
294	102	15.158815
95	102	7.275229
117	103	69.469752
149	103	23.500271
294	103	5.737886
89	104	34.002359
233	104	37.894469
219	104	7.747796
15	105	54.24024
274	105	26.292768
24	106	73.246077
249	106	40.61306
156	106	36.868591
219	107	10.739343
183	108	19.925726
128	108	1.337465
75	108	31.20354
235	108	6.379382
167	108	3.068249
224	109	42.045742
243	109	55.451338
266	109	20.669922
143	110	60.520393
106	110	25.829712
225	111	50.486236
89	111	35.99521
219	112	49.726318
129	112	13.211313
288	113	78.482483
90	113	73.416552
128	114	3.069576
240	114	32.358809
71	114	36.986774
19	114	4.958488
69	114	15.14238
276	114	4.01823
23	115	86.905654
222	115	30.169372
53	116	65.607124
218	116	43.676003
202	118	137.521885
147	118	53.796938
298	118	3.276899
95	118	15.965446
58	118	3.808257
99	119	27.350853
103	119	23.884359
64	120	36.146814
34	120	34.365593
25	120	15.21611
237	121	43.917633
32	121	5.825429
116	121	22.298536
152	121	1.226134
119	122	55.069053
206	122	33.927767
137	122	53.404001
103	122	24.66325
284	122	2.842045
217	123	259.220952
129	124	14.383808
111	124	19.526681
225	124	3.909183
92	125	140.358965
42	125	84.910558
196	126	113.902258
288	126	6.1613
42	127	74.392133
23	127	26.142059
92	127	12.616507
212	128	71.9259
211	128	19.972366
120	128	12.443619
240	129	65.831643
219	130	75.704687
113	130	18.744703
270	130	11.434469
283	131	7.185456
249	131	39.73396
169	131	5.163443
33	133	47.808354
113	133	3.089957
167	133	30.760163
280	133	3.811935
36	134	27.553955
155	134	29.136973
116	134	5.864708
220	134	4.347277
106	135	11.535926
166	135	15.228684
115	135	2.373861
99	136	397.931999
267	137	134.132047
285	137	30.613765
265	138	10.525627
150	138	7.30979
127	138	1.025084
71	139	164.178687
58	140	11.918229
66	140	74.184195
288	140	36.660423
298	140	2.057007
63	141	42.81778
31	141	12.234802
281	141	2.515195
21	142	141.08692
115	142	42.404698
188	143	87.293014
294	143	41.854294
146	144	327.044837
169	145	61.145095
188	145	20.370405
23	145	10.612135
53	146	177.527476
294	146	61.228601
156	146	122.394991
250	147	308.427212
188	147	71.053846
258	147	34.474795
147	148	103.166786
23	148	16.544387
42	148	1.942799
251	149	689.908492
43	150	38.959546
145	150	40.324376
132	150	21.646753
84	151	507.355915
197	151	0.675802
232	152	67.48539
149	152	22.004393
270	152	24.657309
77	153	91.977865
92	153	7.193138
188	154	65.266781
92	154	41.376526
222	154	1.005729
40	155	9.309386
277	155	4.211384
180	155	0.461585
261	156	13.187231
50	156	4.770408
25	156	4.074709
219	157	37.750491
290	157	11.38881
253	158	23.236662
4	158	57.02694
113	158	17.544072
185	159	122.602948
113	159	9.729721
298	159	6.591974
57	160	24.919314
58	160	44.191114
9	160	2.384688
262	160	13.723247
217	160	20.708168
247	160	8.262837
219	161	12.22809
139	161	15.750631
190	161	5.060561
150	162	92.629103
74	162	30.34195
128	163	62.214267
157	163	22.019602
111	163	4.141746
92	164	162.222142
131	164	118.4489
147	164	11.847145
178	165	93.452608
173	165	64.910998
254	165	24.392252
188	166	9.80989
125	166	27.443656
147	166	19.969588
254	166	7.730004
69	167	174.897026
130	167	50.472822
180	167	24.589835
180	168	37.315711
53	168	12.980691
228	168	4.085297
125	169	26.314178
265	169	49.174326
92	169	19.303188
23	170	43.501616
73	170	11.439763
42	170	4.299787
47	171	129.145218
62	171	40.832913
188	172	29.164586
169	172	12.885583
92	172	52.379573
265	172	4.846126
207	173	149.961509
254	173	65.622644
188	173	9.975822
127	173	0.570158
252	174	11.685933
270	174	57.900324
265	174	5.371426
84	175	6.322672
50	175	5.796859
147	176	13.914826
177	176	19.066133
187	176	15.695633
249	177	51.949189
96	177	43.580008
173	178	94.758711
207	178	33.217895
188	178	17.048714
187	179	25.961216
132	179	20.111649
117	180	30.796923
267	180	63.630488
65	180	5.24327
276	180	3.133484
99	181	10.576836
224	181	4.178788
180	182	56.9169
296	182	21.923543
276	182	11.984785
76	183	52.403539
103	183	3.064697
56	184	39.822207
11	184	37.106359
223	184	74.146062
152	185	57.06446
211	185	82.433278
91	186	57.849861
267	186	18.839216
42	187	7.910548
39	187	18.865336
78	187	34.641494
73	187	6.694552
254	188	86.536671
92	188	31.059397
127	188	19.051906
218	189	95.637745
197	189	15.457415
251	189	13.908472
164	190	55.110932
111	190	2.507535
190	191	54.853394
218	191	54.095332
128	192	33.300017
203	192	83.523956
212	192	4.354226
274	193	46.969319
39	193	1.023945
102	194	16.599643
206	195	32.588833
211	195	95.105783
111	195	16.228134
113	196	168.920873
79	196	89.774665
64	197	10.647941
218	197	9.535755
225	198	78.479805
172	198	46.158235
248	199	215.104718
243	199	160.273495
61	200	164.096583
216	200	39.146385
278	200	58.525856
70	200	4.311127
244	200	1.739858
294	201	29.705455
196	201	56.455966
73	201	10.540348
197	202	151.821556
189	202	22.392635
27	203	27.500448
217	203	41.379321
9	203	10.872562
2	203	10.430856
129	204	16.177291
71	204	4.695435
126	205	9.937111
32	205	19.32366
35	205	12.895975
71	206	267.927473
254	207	76.283212
92	207	36.830361
230	207	4.266783
140	208	7.312723
4	208	1.957381
225	208	14.557139
100	208	37.586126
58	208	1.626327
210	209	169.101501
219	209	14.346068
89	210	57.190183
127	210	45.923447
65	211	24.827991
270	211	24.317312
100	211	10.326721
211	212	52.546323
185	212	29.178385
236	212	45.081546
65	212	6.155494
166	213	76.350561
284	213	44.388686
230	214	84.159072
258	214	11.492818
167	215	7.098762
5	215	11.319381
3	215	18.915667
20	215	12.016533
297	215	9.303218
264	216	326.109635
105	216	306.893255
104	216	119.009561
29	217	235.99318
64	218	64.122971
251	218	17.602815
84	218	8.967942
206	219	23.132526
139	219	20.193246
129	219	5.545083
63	220	24.75413
246	220	13.672626
234	220	3.563957
87	221	34.311391
19	221	6.474407
232	221	10.670426
242	221	1.06139
127	222	25.791542
258	222	7.222865
188	222	21.07159
145	222	25.6908
23	222	3.190272
87	223	13.314642
232	223	27.103843
299	223	5.676627
227	223	0.45081
65	224	53.588762
4	224	16.423947
270	224	10.881005
290	225	273.415684
240	225	62.683219
129	225	19.257108
71	225	13.836016
85	226	48.226261
198	226	30.843644
87	227	36.513618
91	227	14.708846
226	228	46.172936
180	228	12.958901
230	229	374.54619
231	230	263.498305
169	230	28.38996
170	230	7.139021
127	231	9.575144
188	231	20.828055
23	231	4.656275
117	232	187.29851
276	232	23.808126
219	233	1.729389
50	233	35.761708
206	233	17.209407
129	234	49.56003
280	234	5.919227
236	235	214.753056
284	235	14.38864
224	235	7.272963
24	236	209.726725
106	236	29.816637
267	237	39.842164
5	237	32.077122
79	238	18.588256
142	238	14.859261
75	238	3.327381
42	239	42.775375
46	239	16.191658
57	241	79.020067
217	241	20.160313
223	242	47.946988
152	242	21.621355
117	242	12.950157
232	242	3.957489
251	243	31.704236
103	243	17.368665
207	244	63.629232
178	244	27.169484
127	245	70.579484
85	245	44.378948
240	246	48.551275
89	246	11.831696
280	246	1.11837
217	247	45.556395
9	247	97.201189
29	247	29.954428
154	248	200.63385
249	248	41.810381
37	248	12.720137
92	249	79.390417
143	249	28.263572
262	250	129.664233
172	250	93.288831
153	252	160.802855
41	252	21.51883
125	252	19.671911
196	253	35.937001
201	253	21.511847
127	254	59.213765
265	254	57.444189
143	255	1.487437
161	255	14.312555
11	255	9.836314
90	255	0.110793
194	256	90.292189
224	256	31.261998
23	257	107.925546
222	257	28.412672
150	258	54.601277
92	258	18.70452
188	258	8.045925
77	259	39.46271
153	259	30.138318
64	260	35.977136
292	260	20.08461
261	260	6.158419
66	261	115.777806
149	261	21.492147
243	261	3.703892
199	262	46.449991
151	262	12.830093
277	263	141.396158
116	263	45.886997
78	264	56.706725
52	264	8.889737
92	265	493.590241
28	266	84.863531
265	266	24.549796
164	267	69.708694
243	267	61.022141
150	268	20.917261
77	268	22.945597
43	268	13.228316
92	269	138.859622
268	269	84.675064
145	269	3.026809
298	270	45.48795
92	270	163.489856
113	270	25.759965
290	271	9.867324
89	271	18.946376
219	271	8.252987
273	272	47.314967
63	272	54.380754
188	272	18.391025
15	273	84.342377
259	273	25.747947
153	273	9.70111
145	274	3.385996
143	274	31.979092
73	274	23.052283
166	275	44.83997
294	275	51.141098
143	275	17.587262
272	276	165.28585
117	276	108.701736
122	277	444.70913
140	277	77.135613
103	277	87.764532
25	278	6.174623
151	278	6.579879
120	278	3.025436
294	279	91.296894
219	280	26.776972
297	280	15.071077
240	280	36.100435
298	280	13.511982
113	281	60.812624
211	281	90.569216
35	281	41.635846
105	282	31.072565
227	282	35.822697
187	282	8.679836
92	283	74.8765
265	283	25.522644
188	283	9.615176
29	284	188.567267
50	284	76.405272
120	284	12.975389
79	285	58.892969
52	285	34.328593
193	286	34.614253
82	287	16.180779
77	287	36.361481
68	287	30.634447
79	288	217.409629
288	289	147.099331
32	289	11.873679
42	289	1.576452
209	290	55.756157
219	290	50.018185
265	291	64.950411
162	291	8.485506
189	292	53.588566
25	292	55.540411
34	292	1.996667
83	293	3.781702
289	293	8.874812
196	293	6.576887
269	294	78.284624
132	294	66.292332
91	295	56.573772
137	295	8.73448
49	296	19.541228
294	296	32.259742
73	296	24.370489
227	297	103.176181
211	297	68.19547
113	298	223.266599
232	299	200.047783
40	299	53.93216
111	300	10.872878
100	300	20.98335
47	300	15.915455
