300
15	1	13.389737
164	1	4.199366
27	2	62.526614
203	2	13.995249
13	2	25.187624
33	3	2.339045
102	3	18.474838
185	3	9.631655
50	3	7.07567
143	4	11.453392
15	4	22.726366
294	4	11.475932
15	5	30.533886
19	5	85.189341
263	5	33.02272
249	5	0.22226
21	6	344.966003
142	6	2.608235
219	7	110.944027
258	8	18.91047
166	8	7.514238
29	9	61.516584
21	9	106.105984
247	9	9.175737
127	10	46.712407
115	10	13.838256
12	11	127.848896
252	11	27.237672
230	12	110.304792
265	12	34.29958
247	13	28.424713
203	13	37.039078
29	13	10.989548
217	13	7.849073
254	14	18.666549
222	14	6.933604
143	15	8.901457
115	15	39.393644
96	15	23.098797
41	16	9.903072
10	16	7.194524
162	16	0.024687
84	17	32.509851
249	17	14.248821
119	18	5.630415
223	19	71.605439
276	19	22.838547
36	20	75.969833
295	20	11.881923
193	20	6.468681
49	21	614.522609
60	22	97.280694
23	22	64.042405
265	23	44.045742
230	23	39.917524
145	23	42.724967
146	24	213.516815
272	24	325.292245
21	24	59.600359
84	25	194.500005
149	25	45.16967
196	26	21.855117
28	26	69.44811
126	26	19.430816
213	27	122.598452
42	28	39.154944
252	28	28.618865
125	28	26.733059
247	29	71.86861
81	29	167.862047
217	29	35.267865
205	30	2.269431
35	30	14.621218
285	30	4.126496
281	30	1.054742
282	31	27.251306
272	31	26.454681
237	31	5.573227
113	32	11.740477
281	32	13.987234
83	32	2.241536
19	33	29.936393
81	33	6.005748
117	33	4.390912
84	34	18.34954
99	34	11.917516
120	34	3.314417
126	35	34.609891
87	35	24.208723
281	35	3.923676
180	36	36.960612
84	36	29.418288
23	37	41.331093
283	37	33.609501
188	37	13.437749
150	38	65.322182
54	38	0.11209
143	39	12.376576
92	39	12.312135
150	39	12.781757
47	40	77.600633
87	40	7.457053
19	40	6.283526
150	41	28.755038
54	41	25.485024
42	41	0.353026
265	42	21.926799
21	42	48.651941
49	42	41.536616
261	44	2.712718
180	44	28.799933
36	44	5.145493
6	45	95.83706
9	45	85.845983
169	46	26.315079
22	46	16.981363
145	46	2.648808
48	47	315.403979
243	47	31.013952
300	47	0.119031
182	48	41.226194
14	48	26.315163
129	48	10.418579
43	49	259.844224
64	50	48.86653
164	50	48.374104
87	51	61.727278
181	51	18.124386
162	52	174.43202
126	52	114.484492
183	53	53.987553
17	53	4.777007
232	53	4.40548
150	54	50.135628
43	54	50.068075
5	55	115.914349
78	55	22.158713
111	56	68.361325
219	56	21.826586
217	57	65.764449
13	57	0.963303
39	58	115.551085
298	58	117.128879
262	58	8.684646
113	59	11.004536
254	59	16.196106
174	59	2.552881
43	60	34.463748
294	60	7.094413
268	60	0.467517
92	61	3.597427
225	61	13.936076
172	61	4.882968
254	62	25.421166
127	62	13.202722
162	62	12.921134
283	63	21.064778
45	63	31.532068
246	63	17.622663
243	63	10.080113
149	64	805.200424
34	65	15.354391
202	65	1.660579
261	66	62.02475
71	66	42.303565
64	66	32.719914
71	67	29.979633
189	67	16.830662
92	68	65.292252
142	68	142.692031
287	68	12.314912
82	68	3.325042
110	69	38.199437
267	69	74.767991
143	69	6.259377
178	70	78.328891
163	70	43.314177
110	70	21.70749
225	71	37.970723
234	71	34.333296
219	71	27.73795
110	72	119.157227
206	72	43.707622
219	72	21.036452
169	73	6.526294
41	73	19.279358
43	73	19.195159
23	73	1.507658
28	74	12.424306
269	74	4.410217
74	75	66.017585
171	75	22.948357
117	76	36.158658
299	76	14.84332
243	76	0.225592
125	77	42.076418
73	77	28.06879
73	78	26.439921
97	78	2.828451
80	79	69.078139
294	79	30.315466
43	80	70.51358
21	80	44.572763
243	81	155.618487
92	82	62.628377
12	82	26.646582
231	82	7.879761
196	83	139.811412
298	83	31.867759
218	84	109.466845
120	84	58.252284
245	85	79.896523
145	85	95.020795
295	86	12.603223
300	86	18.425979
47	86	8.510821
298	86	9.530405
6	86	3.325317
299	87	169.40345
276	87	26.518865
227	87	8.25172
162	88	14.718147
164	88	30.663512
147	88	15.185281
219	89	64.023433
233	89	35.235713
80	90	52.316106
188	90	72.619774
132	90	15.397432
28	90	2.32619
137	91	69.672076
196	91	32.77928
267	91	20.115727
132	92	148.838551
258	92	74.681932
38	93	21.239857
73	93	2.317132
230	93	0.51385
294	94	21.770569
196	94	68.058982
49	94	11.731438
100	95	32.430163
208	95	13.046389
92	96	92.450542
39	96	26.306862
90	97	14.077537
196	97	33.766424
294	97	19.954014
80	97	8.331846
69	98	45.901751
103	98	29.810951
218	99	120.582666
189	99	44.786112
235	100	22.885607
25	100	3.902563
224	100	2.706092
280	101	46.361767
71	101	65.381555
293	102	57.66247
294	102	15.158815
95	102	7.275229
117	103	38.949745
294	103	23.93861
243	103	29.870358
89	104	34.002359
233	104	37.894469
219	104	7.747796
15	105	54.24024
274	105	26.292768
249	106	30.024082
156	106	40.876435
6	106	84.947223
4	106	12.165077
219	107	10.739343
183	108	19.925726
128	108	1.337465
75	108	31.20354
235	108	6.379382
167	108	3.068249
224	109	42.045742
243	109	55.451338
266	109	20.669922
143	110	60.520393
106	110	25.829712
225	111	50.486236
89	111	35.99521
219	112	49.726318
129	112	13.211313
270	113	67.963388
90	113	46.615498
128	114	3.069576
240	114	32.358809
71	114	36.986774
19	114	4.958488
69	114	15.14238
276	114	4.01823
23	115	86.905654
222	115	30.169372
53	116	65.607124
218	116	43.676003
232	117	202.151273
19	117	20.775616
202	118	137.521885
147	118	53.796938
298	118	3.276899
95	118	15.965446
58	118	3.808257
99	119	27.350853
103	119	23.884359
64	120	5.529956
189	120	10.049523
149	120	8.359997
237	121	43.917633
32	121	5.825429
116	121	22.298536
152	121	1.226134
119	122	55.069053
206	122	33.927767
137	122	53.404001
103	122	24.66325
284	122	2.842045
217	123	259.220952
92	125	140.358965
42	125	84.910558
196	126	113.902258
288	126	6.1613
42	127	48.353877
92	127	30.390917
265	127	6.693288
212	128	71.9259
211	128	19.972366
120	128	12.443619
240	129	12.114903
219	129	8.739822
219	130	75.704687
113	130	18.744703
270	130	11.434469
283	131	16.861292
249	131	49.375104
187	131	5.721936
150	132	12.273199
38	132	19.385967
43	132	5.991776
33	133	47.808354
113	133	3.089957
167	133	30.760163
280	133	3.811935
36	134	27.553955
155	134	29.136973
116	134	5.864708
220	134	4.347277
106	135	11.535926
166	135	15.228684
115	135	2.373861
99	136	397.931999
267	137	134.132047
285	137	30.613765
265	138	10.525627
150	138	7.30979
127	138	1.025084
71	139	42.900382
219	139	30.320371
32	140	40.652879
208	140	34.1617
196	140	13.576442
63	141	27.26137
31	141	22.27862
86	141	5.270357
21	142	141.08692
115	142	42.404698
188	143	87.293014
294	143	41.854294
146	144	327.044837
169	145	81.247187
150	145	21.500601
188	145	10.342562
53	146	220.569023
6	146	65.264373
294	146	16.631329
249	146	6.546237
156	146	1.125364
250	147	308.427212
188	147	71.053846
258	147	34.474795
147	148	103.166786
23	148	16.544387
42	148	1.942799
43	150	115.71984
21	150	72.063752
84	151	507.355915
197	151	0.675802
232	152	67.48539
149	152	22.004393
270	152	24.657309
259	153	148.712076
92	153	72.723692
188	154	65.266781
92	154	41.376526
222	154	1.005729
40	155	9.309386
277	155	4.211384
180	155	0.461585
261	156	13.187231
50	156	4.770408
25	156	4.074709
219	157	37.750491
290	157	11.38881
253	158	23.236662
4	158	57.02694
113	158	17.544072
185	159	122.602948
113	159	9.729721
298	159	6.591974
57	160	24.919314
58	160	44.191114
9	160	2.384688
262	160	13.723247
217	160	20.708168
247	160	8.262837
219	161	12.22809
139	161	15.750631
190	161	5.060561
150	162	92.629103
74	162	30.34195
128	163	62.214267
157	163	22.019602
111	163	4.141746
92	164	72.400687
131	164	186.116573
270	164	4.479384
254	165	47.204123
113	165	8.031007
188	166	9.80989
125	166	27.443656
147	166	19.969588
254	166	7.730004
69	167	174.897026
130	167	50.472822
180	167	24.589835
180	168	37.315711
53	168	12.980691
228	168	4.085297
125	169	71.838183
172	169	57.708741
127	169	19.624614
23	170	43.501616
73	170	11.439763
42	170	4.299787
47	171	129.145218
62	171	40.832913
92	172	117.350349
150	172	48.749156
178	173	9.443347
165	173	62.617913
254	173	51.960297
188	173	15.458139
252	174	11.685933
270	174	57.900324
265	174	5.371426
84	175	6.322672
50	175	5.796859
147	176	13.914826
177	176	19.066133
187	176	15.695633
249	177	51.949189
96	177	43.580008
165	178	303.937625
254	178	31.145113
187	179	25.961216
132	179	20.111649
117	180	30.796923
267	180	63.630488
65	180	5.24327
276	180	3.133484
99	181	10.576836
224	181	4.178788
180	182	56.9169
296	182	21.923543
276	182	11.984785
76	183	41.712315
51	183	11.270848
103	183	4.580333
56	184	39.822207
11	184	37.106359
223	184	74.146062
152	185	57.06446
211	185	82.433278
91	186	57.849861
267	186	18.839216
42	187	7.910548
39	187	18.865336
78	187	34.641494
73	187	6.694552
172	188	42.130078
254	188	91.980106
150	188	12.675699
127	188	10.982444
218	189	85.748084
64	189	39.782828
164	190	55.110932
111	190	2.507535
190	191	54.853394
218	191	54.095332
128	192	33.300017
203	192	83.523956
212	192	4.354226
274	193	46.969319
39	193	1.023945
102	194	16.599643
206	195	32.588833
211	195	95.105783
111	195	16.228134
113	196	168.920873
79	196	89.774665
202	197	53.937803
64	197	17.261415
225	198	78.479805
172	198	46.158235
248	199	267.410008
243	199	43.168493
233	199	41.098056
61	200	164.096583
216	200	39.146385
278	200	58.525856
70	200	4.311127
244	200	1.739858
294	201	29.705455
196	201	56.455966
73	201	10.540348
218	202	62.122286
189	202	34.795927
27	203	48.844137
217	203	48.600991
9	203	18.166814
129	204	16.177291
71	204	4.695435
126	205	9.937111
32	205	19.32366
35	205	12.895975
124	206	53.017273
62	206	29.757624
173	207	16.144523
92	207	8.210966
178	207	50.863417
172	207	7.258394
65	208	31.279746
58	208	14.617654
4	208	11.634272
225	208	7.755588
210	209	169.101501
219	209	14.346068
89	210	57.190183
127	210	45.923447
65	211	98.101078
270	211	21.250167
211	212	52.546323
185	212	29.178385
236	212	45.081546
65	212	6.155494
166	213	43.261399
254	213	6.703037
230	214	84.159072
258	214	11.492818
167	215	7.098762
5	215	11.319381
3	215	18.915667
20	215	12.016533
297	215	9.303218
264	216	326.109635
105	216	306.893255
104	216	119.009561
27	217	242.016223
64	218	79.373703
149	218	4.994676
206	219	216.897741
63	220	24.75413
246	220	13.672626
234	220	3.563957
87	221	34.311391
19	221	6.474407
232	221	10.670426
242	221	1.06139
127	222	25.791542
258	222	7.222865
188	222	21.07159
145	222	25.6908
23	222	3.190272
87	223	13.314642
232	223	27.103843
299	223	5.676627
227	223	0.45081
65	224	107.147523
4	224	58.995585
290	225	195.163903
233	225	77.545168
206	225	1.253235
85	226	48.226261
198	226	30.843644
52	227	52.629391
226	228	86.506002
44	228	54.044903
230	229	374.54619
127	230	25.294777
188	230	39.063289
92	230	19.587891
230	231	661.401645
87	232	215.25839
276	232	5.936564
219	233	1.729389
50	233	35.761708
206	233	17.209407
129	234	49.56003
280	234	5.919227
236	235	214.753056
284	235	14.38864
224	235	7.272963
24	236	209.726725
106	236	29.816637
267	237	39.842164
5	237	32.077122
79	238	18.588256
142	238	14.859261
75	238	3.327381
42	239	15.356086
39	239	25.55575
22	239	8.016635
225	240	114.241593
89	240	37.690358
57	241	79.020067
217	241	20.160313
223	242	47.946988
152	242	21.621355
117	242	12.950157
232	242	3.957489
251	243	12.557783
267	243	53.555185
261	243	16.117433
207	244	63.629232
178	244	27.169484
127	245	29.251236
125	245	11.818054
240	246	48.551275
89	246	11.831696
280	246	1.11837
217	247	42.746768
27	247	32.982039
154	248	210.401441
249	248	36.105283
80	248	22.9082
92	249	79.390417
143	249	28.263572
262	250	129.664233
172	250	93.288831
64	251	109.913009
189	251	33.623146
84	251	15.076029
153	252	160.802855
41	252	21.51883
125	252	19.671911
196	253	35.937001
201	253	21.511847
127	254	59.213765
265	254	57.444189
143	255	1.487437
161	255	14.312555
11	255	9.836314
90	255	0.110793
194	256	90.292189
224	256	31.261998
23	257	107.925546
222	257	28.412672
150	258	136.285719
132	258	30.385492
77	259	114.725992
273	259	3.91545
64	260	35.977136
292	260	20.08461
261	260	6.158419
50	261	71.995524
149	261	33.505496
199	262	46.449991
151	262	12.830093
277	263	141.396158
116	263	45.886997
78	264	56.706725
52	264	8.889737
92	265	96.763801
172	265	43.045557
21	265	5.208933
28	266	84.863531
265	266	24.549796
164	267	21.143148
39	267	14.368061
150	268	47.03466
269	268	55.114126
77	268	20.179275
92	269	107.999171
43	269	13.933007
145	269	12.465635
224	270	3.279572
90	270	107.059783
65	270	13.369662
290	271	9.867324
89	271	18.946376
219	271	8.252987
273	272	36.132144
63	272	43.98505
90	272	18.803278
77	273	160.38001
15	273	51.516853
145	274	3.385996
143	274	31.979092
73	274	23.052283
166	275	44.83997
294	275	51.141098
143	275	17.587262
272	276	173.176846
65	276	115.376405
122	277	444.70913
140	277	77.135613
103	277	87.764532
25	278	6.174623
151	278	6.579879
120	278	3.025436
294	279	91.296894
219	280	26.776972
297	280	15.071077
240	280	36.100435
298	280	13.511982
113	281	119.424954
211	281	76.393129
105	282	31.072565
227	282	35.822697
187	282	8.679836
92	283	74.8765
265	283	25.522644
188	283	9.615176
29	284	148.842226
50	284	103.032617
213	284	23.037103
79	285	58.892969
52	285	34.328593
193	286	34.614253
92	287	19.735372
82	287	42.315835
77	287	8.116093
196	288	15.679755
140	288	24.61378
79	288	18.290548
288	289	147.099331
32	289	11.873679
42	289	1.576452
209	290	55.756157
219	290	50.018185
265	291	47.831605
62	291	30.105281
189	292	53.588566
25	292	55.540411
34	292	1.996667
83	293	3.781702
289	293	8.874812
196	293	6.576887
269	294	78.284624
132	294	66.292332
91	295	56.573772
137	295	8.73448
49	296	19.541228
294	296	32.259742
73	296	24.370489
227	297	103.176181
211	297	68.19547
113	298	145.280978
65	298	116.336636
227	299	68.79613
276	299	54.903796
100	300	56.341041
89	300	58.832206
