300
15	1	13.389737
164	1	4.199366
27	2	62.526614
203	2	13.995249
13	2	25.187624
33	3	2.339045
102	3	18.474838
185	3	9.631655
50	3	7.07567
143	4	11.453392
15	4	22.726366
294	4	11.475932
15	5	30.533886
19	5	85.189341
263	5	33.02272
249	5	0.22226
24	6	415.982183
142	6	193.490996
219	7	110.944027
258	8	18.91047
166	8	7.514238
247	9	54.038575
146	9	17.029355
236	9	0.001764
6	9	10.227865
160	9	6.207326
127	10	46.712407
115	10	13.838256
12	11	127.848896
252	11	27.237672
230	12	28.052138
82	12	25.837786
265	12	22.044081
247	13	2.477459
203	13	32.54362
57	13	13.334754
29	13	0.794629
254	14	18.666549
222	14	6.933604
143	15	8.901457
115	15	39.393644
96	15	23.098797
41	16	9.903072
10	16	7.194524
162	16	0.024687
84	17	32.509851
249	17	14.248821
119	18	5.630415
223	19	83.611999
40	19	37.794177
36	20	75.969833
295	20	11.881923
193	20	6.468681
146	21	468.751246
60	22	97.280694
23	22	64.042405
265	23	69.668881
21	23	32.671351
146	24	213.516815
272	24	325.292245
21	24	59.600359
84	25	872.27055
196	26	21.855117
28	26	69.44811
126	26	19.430816
247	27	45.140575
213	27	15.759688
29	27	2.706448
42	28	9.581359
125	28	20.959859
21	28	4.481919
247	29	54.214486
81	29	217.55216
45	29	44.863116
217	29	14.230225
205	30	2.269431
35	30	14.621218
285	30	4.126496
281	30	1.054742
282	31	27.251306
272	31	26.454681
237	31	5.573227
140	32	76.592555
26	32	40.550001
19	33	29.936393
81	33	6.005748
117	33	4.390912
84	34	34.040961
120	34	26.110138
126	35	34.609891
87	35	24.208723
281	35	3.923676
180	36	36.960612
84	36	29.418288
23	37	41.331093
283	37	33.609501
188	37	13.437749
150	38	64.312497
42	38	9.088488
143	39	12.376576
92	39	12.312135
150	39	12.781757
47	40	173.487793
150	41	11.507219
54	41	27.074675
73	41	9.337152
21	42	155.850721
49	42	97.283156
73	43	55.191997
49	43	15.850824
42	43	14.626279
261	44	2.712718
180	44	28.799933
36	44	5.145493
6	45	95.83706
9	45	85.845983
169	46	26.315079
22	46	16.981363
145	46	2.648808
48	47	351.939304
195	47	13.837792
157	48	73.43499
21	49	192.785351
146	49	10.4708
64	50	254.643493
87	51	61.727278
181	51	18.124386
162	52	174.43202
126	52	114.484492
183	53	28.085789
116	53	12.844689
232	53	2.923756
150	54	20.386607
43	54	12.469564
42	54	8.139476
5	55	115.914349
78	55	22.158713
111	56	68.361325
219	56	21.826586
217	57	58.085086
241	57	51.649644
39	58	115.551085
298	58	117.128879
262	58	8.684646
113	59	11.004536
254	59	16.196106
174	59	2.552881
43	60	34.463748
294	60	7.094413
268	60	0.467517
92	61	3.597427
225	61	13.936076
172	61	4.882968
254	62	25.421166
127	62	13.202722
162	62	12.921134
283	63	18.867835
246	63	16.389096
149	64	152.658023
84	64	37.225031
224	65	66.529154
211	65	21.344846
50	66	29.316208
71	66	42.347706
120	66	35.441565
71	67	29.979633
189	67	16.830662
92	68	65.292252
142	68	142.692031
287	68	12.314912
82	68	3.325042
110	69	38.199437
267	69	74.767991
143	69	6.259377
178	70	78.328891
163	70	43.314177
110	70	21.70749
139	71	55.374848
225	71	19.700003
290	71	13.079385
110	72	119.157227
206	72	43.707622
219	72	21.036452
169	73	69.802834
21	73	27.66463
28	74	12.424306
269	74	4.410217
74	75	66.017585
171	75	22.948357
117	76	135.345004
299	76	15.027678
125	77	11.661963
153	77	69.462353
150	77	12.921815
73	78	26.439921
97	78	2.828451
80	79	69.078139
294	79	30.315466
43	80	70.51358
21	80	44.572763
243	81	155.618487
92	82	66.630734
231	82	17.92747
127	82	8.973922
196	83	34.315262
298	83	30.249057
288	83	9.613458
197	84	653.341741
245	85	79.896523
145	85	95.020795
295	86	18.918732
300	86	14.152702
141	86	13.750056
6	86	4.36284
299	87	371.323912
162	88	14.718147
164	88	30.663512
147	88	15.185281
219	89	51.689876
233	89	26.427385
209	89	4.718695
80	90	52.316106
188	90	72.619774
132	90	15.397432
28	90	2.32619
137	91	69.672076
196	91	32.77928
267	91	20.115727
132	92	148.979866
169	92	41.260836
150	92	9.513449
38	93	21.239857
73	93	2.317132
230	93	0.51385
294	94	21.770569
196	94	68.058982
49	94	11.731438
100	95	32.430163
208	95	13.046389
92	96	92.450542
39	96	26.306862
90	97	91.491067
79	97	12.782414
294	97	11.108958
69	98	45.901751
103	98	29.810951
218	99	120.582666
189	99	44.786112
235	100	84.342079
25	100	37.725644
280	101	46.361767
71	101	65.381555
293	102	57.66247
294	102	15.158815
95	102	7.275229
117	103	69.469752
149	103	23.500271
294	103	5.737886
89	104	34.002359
233	104	37.894469
219	104	7.747796
15	105	54.24024
274	105	26.292768
249	106	30.024082
156	106	40.876435
6	106	84.947223
4	106	12.165077
219	107	10.739343
183	108	19.925726
128	108	1.337465
75	108	31.20354
235	108	6.379382
167	108	3.068249
224	109	42.045742
243	109	55.451338
266	109	20.669922
143	110	60.520393
106	110	25.829712
225	111	50.486236
89	111	35.99521
219	112	49.726318
129	112	13.211313
270	113	106.875067
97	113	67.968139
128	114	3.069576
240	114	32.358809
71	114	36.986774
19	114	4.958488
69	114	15.14238
276	114	4.01823
23	115	86.905654
222	115	30.169372
76	116	37.237138
84	116	7.250571
232	117	202.151273
19	117	20.775616
202	118	137.521885
147	118	53.796938
298	118	3.276899
95	118	15.965446
58	118	3.808257
99	119	27.350853
103	119	23.884359
64	120	24.40383
84	120	21.012783
149	120	15.703931
237	121	43.917633
32	121	5.825429
116	121	22.298536
152	121	1.226134
277	122	346.962703
263	122	15.315444
155	122	16.039525
137	122	12.214737
217	123	259.220952
129	124	14.383808
111	124	19.526681
225	124	3.909183
92	125	53.864005
42	125	31.128502
169	125	3.605618
196	126	113.902258
288	126	6.1613
254	127	54.15054
169	127	6.781948
188	127	13.833432
42	127	7.471268
212	128	71.9259
211	128	19.972366
120	128	12.443619
240	129	12.114903
219	129	8.739822
219	130	75.704687
113	130	18.744703
270	130	11.434469
283	131	16.861292
249	131	49.375104
187	131	5.721936
150	132	17.517024
38	132	15.451702
169	132	15.134526
33	133	47.808354
113	133	3.089957
167	133	30.760163
280	133	3.811935
36	134	27.553955
155	134	29.136973
116	134	5.864708
220	134	4.347277
106	135	11.535926
166	135	15.228684
115	135	2.373861
99	136	397.931999
267	137	134.132047
285	137	30.613765
265	138	10.525627
150	138	7.30979
127	138	1.025084
225	139	1.72467
233	139	0.403232
58	140	28.796007
66	140	74.20334
196	140	53.277888
63	141	42.81778
31	141	12.234802
281	141	2.515195
21	142	141.08692
115	142	42.404698
188	143	87.293014
294	143	41.854294
146	144	327.044837
169	145	35.970897
23	145	20.143032
43	145	18.206939
53	146	156.046539
156	146	105.906138
166	147	189.010748
188	147	150.307357
172	147	12.656372
147	148	103.166786
23	148	16.544387
42	148	1.942799
25	149	120.167902
197	149	7.478157
43	150	59.645026
145	150	14.757967
21	150	13.730042
84	151	507.355915
197	151	0.675802
232	152	67.48539
149	152	22.004393
270	152	24.657309
252	153	143.01351
92	153	0.966154
188	154	65.266781
92	154	41.376526
222	154	1.005729
40	155	9.309386
277	155	4.211384
180	155	0.461585
261	156	13.187231
50	156	4.770408
25	156	4.074709
219	157	37.750491
290	157	11.38881
253	158	23.236662
4	158	57.02694
113	158	17.544072
298	159	28.507947
26	159	29.523845
65	159	3.360428
57	160	17.830788
58	160	48.152254
217	160	26.294856
262	160	11.279226
219	161	12.22809
139	161	15.750631
190	161	5.060561
150	162	92.629103
74	162	30.34195
128	163	62.214267
157	163	22.019602
111	163	4.141746
92	164	4.172174
131	164	125.763043
50	164	15.76957
147	164	9.752258
178	165	93.452608
173	165	64.910998
254	165	24.392252
188	166	25.854626
125	166	19.374071
254	166	11.175972
69	167	174.897026
130	167	50.472822
180	167	24.589835
180	168	37.315711
53	168	12.980691
228	168	4.085297
23	169	51.936586
21	169	21.044772
265	169	19.977388
23	170	43.501616
73	170	11.439763
42	170	4.299787
47	171	129.145218
62	171	40.832913
92	172	104.0703
23	172	9.907836
265	172	9.013806
169	172	1.793335
254	173	139.664024
127	173	23.446572
188	173	6.246225
252	174	11.685933
270	174	57.900324
265	174	5.371426
84	175	6.322672
50	175	5.796859
147	176	13.914826
177	176	19.066133
187	176	15.695633
249	177	51.949189
96	177	43.580008
173	178	81.187275
244	178	20.967064
188	178	26.033406
207	178	2.14011
187	179	25.961216
132	179	20.111649
117	180	78.178424
276	180	8.9871
99	181	98.541716
180	182	48.912298
48	182	11.269026
296	182	4.533554
276	182	3.904139
87	182	0.472979
76	183	41.466093
51	183	13.389169
116	183	5.586935
56	184	39.822207
11	184	37.106359
223	184	74.146062
159	185	151.884446
224	185	60.897952
91	186	57.849861
267	186	18.839216
42	187	7.910548
39	187	18.865336
78	187	34.641494
73	187	6.694552
172	188	68.759494
145	188	26.246814
218	189	76.087047
64	189	11.870263
197	189	10.308652
164	190	55.110932
111	190	2.507535
190	191	54.853394
218	191	54.095332
128	192	119.657946
100	192	8.725612
274	193	46.969319
39	193	1.023945
256	194	3.120661
102	194	2.81361
206	195	39.183661
111	195	13.994288
113	196	168.920873
79	196	89.774665
202	197	429.00667
225	198	78.479805
172	198	46.158235
248	199	267.410008
243	199	43.168493
233	199	41.098056
61	200	164.096583
216	200	39.146385
278	200	58.525856
70	200	4.311127
244	200	1.739858
294	201	29.705455
196	201	56.455966
73	201	10.540348
27	203	34.517687
192	203	49.835104
247	203	15.469086
129	204	16.177291
71	204	4.695435
126	205	9.937111
32	205	19.32366
35	205	12.895975
71	206	267.927473
173	207	253.041555
92	207	37.865896
188	207	6.087828
140	208	7.312723
4	208	1.957381
225	208	14.557139
100	208	37.586126
58	208	1.626327
233	209	172.692038
209	210	181.820062
127	210	6.649269
100	211	7.13267
195	211	47.921348
235	211	0.829168
211	212	52.546323
185	212	29.178385
236	212	45.081546
65	212	6.155494
166	213	43.261399
254	213	6.703037
230	214	84.159072
258	214	11.492818
167	215	7.098762
5	215	11.319381
3	215	18.915667
20	215	12.016533
297	215	9.303218
264	216	326.109635
105	216	306.893255
104	216	119.009561
241	217	86.941999
64	218	100.866453
34	218	29.263343
84	218	5.979045
206	219	28.696303
233	219	34.26255
71	219	28.31991
63	220	24.75413
246	220	13.672626
234	220	3.563957
87	221	77.012208
299	221	8.16508
127	222	25.791542
258	222	7.222865
188	222	21.07159
145	222	25.6908
23	222	3.190272
87	223	12.570172
232	223	32.54392
299	223	6.572364
211	224	48.539991
4	224	31.595708
34	224	3.844381
290	225	218.877756
233	225	95.123118
85	226	48.226261
198	226	30.843644
87	227	36.513618
91	227	14.708846
226	228	86.506002
44	228	54.044903
230	229	374.54619
127	230	16.707332
188	230	32.993161
170	230	28.01221
23	230	4.041096
230	231	661.401645
87	232	159.528576
221	232	17.328497
50	233	143.828572
129	234	49.56003
280	234	5.919227
236	235	465.643737
24	236	209.726725
106	236	29.816637
267	237	39.842164
5	237	32.077122
79	238	18.588256
142	238	14.859261
75	238	3.327381
42	239	15.356086
39	239	25.55575
22	239	8.016635
225	240	114.241593
89	240	37.690358
213	241	59.828877
223	242	47.946988
152	242	21.621355
117	242	12.950157
232	242	3.957489
251	243	5.357272
267	243	43.952212
261	243	11.250304
103	243	5.884252
207	244	59.810732
173	244	3.995141
127	245	29.251236
125	245	11.818054
240	246	75.881462
89	246	21.58157
217	247	260.192153
160	247	32.898573
154	248	210.401441
249	248	36.105283
80	248	22.9082
92	249	79.390417
143	249	28.263572
147	250	126.686932
172	250	14.456745
64	251	109.913009
189	251	33.623146
84	251	15.076029
28	252	29.847786
92	252	13.239148
41	252	1.270621
196	253	35.937001
201	253	21.511847
265	254	76.886799
188	254	43.697655
28	254	3.860784
143	255	1.487437
161	255	14.312555
11	255	9.836314
90	255	0.110793
207	256	34.117945
224	256	13.754667
23	257	107.925546
222	257	28.412672
150	258	47.588923
92	258	43.218142
148	258	19.829978
77	259	39.46271
153	259	30.138318
64	260	35.977136
292	260	20.08461
261	260	6.158419
66	261	126.054136
149	261	49.391255
199	262	55.256327
151	262	9.554806
147	262	7.451551
277	263	141.396158
116	263	45.886997
78	264	56.706725
52	264	8.889737
42	265	81.063001
21	265	6.175705
28	266	84.863531
265	266	24.549796
164	267	78.035952
180	267	38.454762
150	268	20.917261
77	268	22.945597
43	268	13.228316
92	269	138.859622
268	269	84.675064
145	269	3.026809
224	270	3.279572
90	270	107.059783
65	270	13.369662
290	271	9.867324
89	271	18.946376
219	271	8.252987
273	272	36.132144
63	272	43.98505
90	272	18.803278
15	273	84.342377
259	273	25.747947
153	273	9.70111
145	274	3.385996
143	274	31.979092
73	274	23.052283
166	275	44.83997
294	275	51.141098
143	275	17.587262
272	276	251.983764
87	276	34.199849
65	276	55.558688
40	276	10.873564
119	277	23.992074
140	277	6.928603
103	277	24.892369
206	277	24.696732
284	277	10.166682
152	277	4.059911
25	278	6.174623
151	278	6.579879
120	278	3.025436
294	279	91.296894
219	280	26.776972
297	280	15.071077
240	280	36.100435
298	280	13.511982
113	281	14.124637
211	281	89.3087
126	281	19.33897
105	282	31.072565
227	282	35.822697
187	282	8.679836
92	283	74.8765
265	283	25.522644
188	283	9.615176
29	284	195.5709
50	284	108.811985
235	284	40.604507
79	285	58.892969
52	285	34.328593
193	286	34.614253
92	287	19.735372
82	287	42.315835
77	287	8.116093
196	288	15.679755
140	288	24.61378
79	288	18.290548
288	289	147.099331
32	289	11.873679
42	289	1.576452
209	290	86.343008
233	290	14.975012
265	291	47.831605
62	291	30.105281
189	292	53.588566
25	292	55.540411
34	292	1.996667
83	293	3.781702
289	293	8.874812
196	293	6.576887
269	294	5.894813
132	294	65.25191
146	294	3.772923
91	295	56.573772
137	295	8.73448
49	296	19.541228
294	296	32.259742
73	296	24.370489
227	297	103.176181
211	297	68.19547
113	298	145.280978
65	298	116.336636
40	299	130.182577
111	300	10.872878
100	300	20.98335
47	300	15.915455
