300
15	1	13.389737
164	1	4.199366
247	2	239.650803
33	3	2.339045
102	3	18.474838
185	3	9.631655
50	3	7.07567
143	4	11.453392
15	4	22.726366
294	4	11.475932
15	5	30.533886
19	5	85.189341
263	5	33.02272
249	5	0.22226
24	6	415.982183
142	6	193.490996
219	7	110.944027
258	8	18.91047
166	8	7.514238
29	9	91.724351
21	9	43.085888
203	9	31.75648
160	9	20.439461
236	9	1.216373
127	10	46.712407
115	10	13.838256
12	11	127.848896
252	11	27.237672
230	12	110.304792
265	12	34.29958
247	13	2.477459
203	13	32.54362
57	13	13.334754
29	13	0.794629
254	14	18.666549
222	14	6.933604
143	15	8.901457
115	15	39.393644
96	15	23.098797
41	16	9.903072
10	16	7.194524
162	16	0.024687
84	17	32.509851
249	17	14.248821
119	18	5.630415
223	19	30.410255
116	19	53.722806
40	19	3.938729
276	19	1.071076
36	20	75.969833
295	20	11.881923
193	20	6.468681
146	21	468.751246
60	22	97.280694
23	22	64.042405
265	23	44.045742
230	23	39.917524
145	23	42.724967
146	24	213.516815
272	24	325.292245
21	24	59.600359
149	25	13.891801
120	25	10.713614
292	25	9.331635
97	26	3.081493
79	26	6.948873
90	26	1.312969
247	27	42.092689
2	27	28.387182
213	27	6.801157
42	28	47.255645
21	28	36.757887
247	29	54.214486
81	29	217.55216
45	29	44.863116
217	29	14.230225
205	30	2.269431
35	30	14.621218
285	30	4.126496
281	30	1.054742
282	31	27.251306
272	31	26.454681
237	31	5.573227
140	32	76.592555
26	32	40.550001
19	33	29.936393
81	33	6.005748
117	33	4.390912
84	34	18.34954
99	34	11.917516
120	34	3.314417
126	35	117.873005
87	35	24.227279
180	36	36.960612
84	36	29.418288
23	37	41.331093
283	37	33.609501
188	37	13.437749
150	38	7.851229
132	38	10.406178
92	38	9.867094
143	39	12.376576
92	39	12.312135
150	39	12.781757
47	40	55.34995
87	40	29.63125
103	40	1.210781
150	41	11.507219
54	41	27.074675
73	41	9.337152
21	42	155.850721
49	42	97.283156
150	43	40.817927
73	43	20.124676
49	43	18.460938
261	44	2.712718
180	44	28.799933
36	44	5.145493
6	45	30.645462
81	45	19.999416
169	46	26.315079
22	46	16.981363
145	46	2.648808
171	47	108.567815
195	47	23.976198
243	47	23.533514
47	48	320.767692
182	48	18.243817
129	48	15.924277
21	49	192.785351
146	49	10.4708
64	50	254.643493
87	51	61.727278
181	51	18.124386
162	52	174.43202
126	52	114.484492
183	53	263.314036
150	54	20.386607
43	54	12.469564
42	54	8.139476
5	55	115.914349
78	55	22.158713
111	56	68.361325
219	56	21.826586
217	57	216.08347
39	58	115.551085
298	58	117.128879
262	58	8.684646
113	59	11.004536
254	59	16.196106
174	59	2.552881
43	60	34.463748
294	60	7.094413
268	60	0.467517
92	61	3.597427
225	61	13.936076
172	61	4.882968
254	62	60.664571
291	62	36.442807
283	63	21.064778
45	63	31.532068
246	63	17.622663
243	63	10.080113
149	64	106.700046
189	64	24.52752
218	64	4.958384
270	65	55.718608
149	65	28.945478
50	66	29.316208
71	66	42.347706
120	66	35.441565
71	67	29.979633
189	67	16.830662
92	68	65.292252
142	68	142.692031
287	68	12.314912
82	68	3.325042
110	69	38.199437
267	69	74.767991
143	69	6.259377
178	70	78.328891
163	70	43.314177
110	70	21.70749
139	71	194.247032
110	72	119.157227
206	72	43.707622
219	72	21.036452
169	73	50.355977
170	73	17.737841
42	73	1.344634
28	74	12.424306
269	74	4.410217
74	75	66.017585
171	75	22.948357
243	76	141.547332
252	77	88.276168
23	77	67.343245
73	78	26.439921
97	78	2.828451
80	79	7.912509
97	79	18.51719
41	79	4.43019
43	80	70.51358
21	80	44.572763
243	81	155.618487
92	82	62.628377
12	82	26.646582
231	82	7.879761
196	83	139.811412
298	83	31.867759
25	84	197.358833
218	84	27.486724
23	85	12.17981
169	85	11.67964
295	86	18.918732
300	86	14.152702
141	86	13.750056
6	86	4.36284
232	87	61.56623
223	87	55.928147
276	87	10.532963
162	88	14.718147
164	88	30.663512
147	88	15.185281
233	89	28.328358
206	89	17.26688
80	90	52.316106
188	90	72.619774
132	90	15.397432
28	90	2.32619
137	91	69.672076
196	91	32.77928
267	91	20.115727
132	92	116.729032
172	92	65.657153
230	92	15.89631
38	93	21.239857
73	93	2.317132
230	93	0.51385
42	94	97.488488
196	94	49.762895
100	95	32.430163
208	95	13.046389
92	96	92.450542
39	96	26.306862
90	97	40.755484
80	97	2.504579
42	97	0.623372
69	98	45.901751
103	98	29.810951
218	99	640.802515
235	100	22.885607
25	100	3.902563
224	100	2.706092
280	101	46.361767
71	101	65.381555
293	102	57.66247
294	102	15.158815
95	102	7.275229
117	103	38.949745
294	103	23.93861
243	103	29.870358
89	104	34.002359
233	104	37.894469
219	104	7.747796
15	105	54.24024
274	105	26.292768
249	106	30.024082
156	106	40.876435
6	106	84.947223
4	106	12.165077
219	107	10.739343
183	108	19.925726
128	108	1.337465
75	108	31.20354
235	108	6.379382
167	108	3.068249
224	109	42.045742
243	109	55.451338
266	109	20.669922
143	110	60.520393
106	110	25.829712
225	111	50.486236
89	111	35.99521
219	112	49.726318
129	112	13.211313
26	113	100.10352
90	113	24.763926
128	114	3.069576
240	114	32.358809
71	114	36.986774
19	114	4.958488
69	114	15.14238
276	114	4.01823
23	115	86.905654
222	115	30.169372
53	116	65.607124
218	116	43.676003
232	117	152.178839
116	117	13.611452
76	117	9.098265
202	118	137.521885
147	118	53.796938
298	118	3.276899
95	118	15.965446
58	118	3.808257
99	119	27.350853
103	119	23.884359
64	120	5.529956
189	120	10.049523
149	120	8.359997
237	121	43.917633
32	121	5.825429
116	121	22.298536
152	121	1.226134
277	122	346.962703
263	122	15.315444
155	122	16.039525
137	122	12.214737
217	123	259.220952
129	124	14.383808
111	124	19.526681
225	124	3.909183
92	125	38.394086
28	125	36.092119
169	125	21.004991
196	126	111.157442
83	126	6.040073
254	127	54.15054
169	127	6.781948
188	127	13.833432
42	127	7.471268
212	128	71.9259
211	128	19.972366
120	128	12.443619
240	129	12.114903
219	129	8.739822
219	130	75.704687
113	130	18.744703
270	130	11.434469
283	131	16.861292
249	131	49.375104
187	131	5.721936
150	132	31.969052
169	132	6.017139
172	132	3.671768
33	133	47.808354
113	133	3.089957
167	133	30.760163
280	133	3.811935
36	134	27.553955
155	134	29.136973
116	134	5.864708
220	134	4.347277
106	135	11.535926
166	135	15.228684
115	135	2.373861
99	136	397.931999
267	137	134.132047
285	137	30.613765
265	138	10.525627
150	138	7.30979
127	138	1.025084
58	140	28.685939
66	140	68.6504
83	140	60.095652
63	141	42.81778
31	141	12.234802
281	141	2.515195
21	142	141.08692
115	142	42.404698
188	143	87.293014
294	143	41.854294
146	144	327.044837
21	145	70.761376
188	145	52.795985
53	146	156.046539
156	146	105.906138
250	147	308.427212
188	147	71.053846
258	147	34.474795
147	148	103.166786
23	148	16.544387
42	148	1.942799
218	149	86.711184
292	149	10.364256
145	150	101.99023
73	150	80.482794
84	151	507.355915
197	151	0.675802
232	152	67.48539
149	152	22.004393
270	152	24.657309
252	153	171.397631
259	153	105.33866
188	154	65.266781
92	154	41.376526
222	154	1.005729
40	155	9.309386
277	155	4.211384
180	155	0.461585
261	156	13.187231
50	156	4.770408
25	156	4.074709
219	157	37.750491
290	157	11.38881
253	158	23.236662
4	158	57.02694
113	158	17.544072
185	159	122.602948
113	159	9.729721
298	159	6.591974
57	160	17.830788
58	160	48.152254
217	160	26.294856
262	160	11.279226
219	161	12.22809
139	161	15.750631
190	161	5.060561
150	162	92.629103
74	162	30.34195
128	163	62.214267
157	163	22.019602
111	163	4.141746
92	164	4.172174
131	164	125.763043
50	164	15.76957
147	164	9.752258
244	165	190.423841
153	165	26.645894
188	166	9.80989
125	166	27.443656
147	166	19.969588
254	166	7.730004
69	167	174.897026
130	167	50.472822
180	167	24.589835
180	168	37.315711
53	168	12.980691
228	168	4.085297
145	169	67.028874
265	169	47.44921
21	169	0.456717
23	170	19.674114
42	170	20.008343
145	170	0.965248
14	171	62.141898
180	171	54.013737
188	172	120.071668
169	172	111.908596
178	173	9.443347
165	173	62.617913
254	173	51.960297
188	173	15.458139
252	174	11.685933
270	174	57.900324
265	174	5.371426
84	175	6.322672
50	175	5.796859
147	176	13.914826
177	176	19.066133
187	176	15.695633
249	177	51.949189
96	177	43.580008
165	178	164.016737
244	178	18.36315
254	178	8.265596
187	179	25.961216
132	179	20.111649
117	180	30.796923
267	180	63.630488
65	180	5.24327
276	180	3.133484
99	181	10.576836
224	181	4.178788
180	182	56.9169
296	182	21.923543
276	182	11.984785
76	183	166.657627
56	184	39.822207
11	184	37.106359
223	184	74.146062
152	185	57.06446
211	185	82.433278
91	186	57.849861
267	186	18.839216
42	187	7.910548
39	187	18.865336
78	187	34.641494
73	187	6.694552
254	188	85.62399
265	188	4.173642
218	189	66.964507
292	189	34.602139
164	190	33.68349
191	190	25.391009
111	190	4.808567
50	191	177.395321
128	192	33.300017
203	192	83.523956
212	192	4.354226
274	193	46.969319
39	193	1.023945
256	194	3.120661
102	194	2.81361
206	195	32.588833
211	195	95.105783
111	195	16.228134
113	196	58.193876
79	196	46.45688
26	196	21.863887
202	197	53.937803
64	197	17.261415
225	198	78.479805
172	198	46.158235
248	199	215.104718
243	199	160.273495
61	200	164.096583
216	200	39.146385
278	200	58.525856
70	200	4.311127
244	200	1.739858
294	201	29.705455
196	201	56.455966
73	201	10.540348
218	202	62.122286
189	202	34.795927
27	203	25.998181
217	203	20.305237
2	203	17.725108
129	204	16.177291
71	204	4.695435
126	205	9.937111
32	205	19.32366
35	205	12.895975
71	206	143.677336
263	206	8.086744
173	207	24.055354
244	207	17.466484
92	207	47.629372
178	207	4.075586
140	208	7.312723
4	208	1.957381
225	208	14.557139
100	208	37.586126
58	208	1.626327
210	209	169.101501
219	209	14.346068
89	210	57.190183
127	210	45.923447
65	211	24.827991
270	211	24.317312
100	211	10.326721
211	212	52.546323
185	212	29.178385
236	212	45.081546
65	212	6.155494
166	213	76.350561
284	213	44.388686
230	214	84.159072
258	214	11.492818
167	215	7.098762
5	215	11.319381
3	215	18.915667
20	215	12.016533
297	215	9.303218
264	216	326.109635
105	216	306.893255
104	216	119.009561
45	217	83.158889
89	219	25.155435
233	219	16.84378
139	219	11.62904
206	219	8.07599
63	220	24.75413
246	220	13.672626
234	220	3.563957
87	221	34.311391
19	221	6.474407
232	221	10.670426
242	221	1.06139
127	222	25.791542
258	222	7.222865
188	222	21.07159
145	222	25.6908
23	222	3.190272
276	223	62.660344
76	223	52.54304
65	224	53.588762
4	224	16.423947
270	224	10.881005
290	225	207.454284
233	225	92.807679
71	225	23.555736
85	226	48.226261
198	226	30.843644
297	227	24.828902
87	227	24.561258
226	228	86.506002
44	228	54.044903
230	229	374.54619
231	230	234.138767
169	230	43.940804
188	230	3.530718
127	231	55.108321
188	231	45.979383
223	232	139.941314
76	232	29.017809
276	232	17.452874
206	233	97.264929
50	233	94.101464
129	234	49.56003
280	234	5.919227
236	235	214.753056
284	235	14.38864
224	235	7.272963
24	236	209.726725
106	236	29.816637
267	237	39.842164
5	237	32.077122
79	238	18.588256
142	238	14.859261
75	238	3.327381
42	239	15.356086
39	239	25.55575
22	239	8.016635
225	240	48.40064
89	240	8.110323
280	240	3.005561
57	241	79.020067
217	241	20.160313
223	242	47.946988
152	242	21.621355
117	242	12.950157
232	242	3.957489
251	243	14.747503
261	243	13.531687
254	244	127.619036
127	245	70.579484
85	245	44.378948
240	246	48.551275
89	246	11.831696
280	246	1.11837
217	247	260.192153
160	247	32.898573
154	248	210.401441
249	248	36.105283
80	248	22.9082
92	249	79.390417
143	249	28.263572
262	250	129.664233
172	250	93.288831
64	251	109.913009
189	251	33.623146
84	251	15.076029
28	252	29.847786
92	252	13.239148
41	252	1.270621
196	253	35.937001
201	253	21.511847
265	254	126.908452
28	254	22.039046
143	255	1.487437
161	255	14.312555
11	255	9.836314
90	255	0.110793
207	256	34.117945
224	256	13.754667
23	257	107.925546
222	257	28.412672
150	258	54.601277
92	258	18.70452
188	258	8.045925
77	259	114.725992
273	259	3.91545
64	260	35.977136
292	260	20.08461
261	260	6.158419
66	261	126.054136
149	261	49.391255
199	262	46.449991
151	262	12.830093
277	263	141.396158
116	263	45.886997
78	264	56.706725
52	264	8.889737
42	265	81.063001
21	265	6.175705
28	266	84.863531
265	266	24.549796
164	267	69.708694
243	267	61.022141
150	268	47.03466
269	268	55.114126
77	268	20.179275
92	269	107.999171
43	269	13.933007
145	269	12.465635
298	270	45.48795
92	270	163.489856
113	270	25.759965
290	271	9.867324
89	271	18.946376
219	271	8.252987
273	272	51.747685
253	272	19.868068
188	272	2.915343
77	273	160.38001
15	273	51.516853
145	274	3.385996
143	274	31.979092
73	274	23.052283
166	275	44.83997
294	275	51.141098
143	275	17.587262
272	276	173.176846
65	276	115.376405
119	277	43.053058
140	277	22.254686
103	277	16.788905
284	277	1.371721
25	278	6.174623
151	278	6.579879
120	278	3.025436
294	279	91.296894
219	280	67.171808
297	280	15.003025
113	280	5.044945
113	281	60.812624
211	281	90.569216
35	281	41.635846
105	282	31.072565
227	282	35.822697
187	282	8.679836
92	283	74.8765
265	283	25.522644
188	283	9.615176
29	284	188.567267
50	284	76.405272
120	284	12.975389
79	285	58.892969
52	285	34.328593
193	286	34.614253
92	287	19.735372
82	287	42.315835
77	287	8.116093
289	288	193.993624
126	288	68.676224
201	288	12.713392
42	289	65.288905
32	289	58.184395
83	289	38.498808
209	290	55.756157
219	290	50.018185
265	291	64.950411
162	291	8.485506
218	292	50.772913
99	292	16.718668
83	293	3.781702
289	293	8.874812
196	293	6.576887
269	294	66.697926
94	294	72.325391
132	294	40.445933
91	295	56.573772
137	295	8.73448
49	296	19.541228
294	296	32.259742
73	296	24.370489
211	297	80.738221
126	297	32.92485
113	298	223.266599
87	299	139.345139
19	299	12.123762
223	299	10.091797
111	300	10.872878
100	300	20.98335
47	300	15.915455
