300
15	1	13.389737
164	1	4.199366
213	2	114.873971
33	3	2.339045
102	3	18.474838
185	3	9.631655
50	3	7.07567
143	4	35.006315
15	4	6.001716
106	4	5.702198
15	5	30.533886
19	5	85.189341
263	5	33.02272
249	5	0.22226
24	6	415.982183
142	6	193.490996
219	7	110.944027
258	8	18.91047
166	8	7.514238
247	9	68.326888
146	9	60.434432
203	9	42.99644
6	9	16.893392
127	10	46.712407
115	10	13.838256
12	11	127.848896
252	11	27.237672
230	12	28.052138
82	12	25.837786
265	12	22.044081
247	13	28.424713
203	13	37.039078
29	13	10.989548
217	13	7.849073
254	14	18.666549
222	14	6.933604
143	15	8.901457
115	15	39.393644
96	15	23.098797
41	16	9.903072
10	16	7.194524
162	16	0.024687
84	17	32.509851
249	17	14.248821
119	18	5.630415
223	19	30.410255
116	19	53.722806
40	19	3.938729
276	19	1.071076
36	20	75.969833
295	20	11.881923
193	20	6.468681
146	21	468.751246
60	22	97.280694
23	22	64.042405
172	23	29.014321
92	23	44.081502
21	23	4.274897
146	24	213.516815
272	24	325.292245
21	24	59.600359
84	25	194.500005
149	25	45.16967
196	26	21.855117
28	26	69.44811
126	26	19.430816
2	27	133.411895
213	27	14.56228
42	28	39.154944
252	28	28.618865
125	28	26.733059
247	29	54.214486
81	29	217.55216
45	29	44.863116
217	29	14.230225
205	30	2.269431
35	30	14.621218
285	30	4.126496
281	30	1.054742
282	31	27.251306
272	31	26.454681
237	31	5.573227
140	32	76.592555
26	32	40.550001
19	33	29.936393
81	33	6.005748
117	33	4.390912
84	34	68.524713
99	34	34.713237
126	35	35.181424
87	35	16.226788
205	35	4.126124
180	36	36.960612
84	36	29.418288
23	37	41.331093
283	37	33.609501
188	37	13.437749
150	38	65.322182
54	38	0.11209
143	39	12.376576
92	39	12.312135
150	39	12.781757
47	40	55.34995
87	40	29.63125
103	40	1.210781
150	41	28.755038
54	41	25.485024
42	41	0.353026
265	42	21.926799
21	42	48.651941
49	42	41.536616
49	43	427.239682
261	44	2.712718
180	44	28.799933
36	44	5.145493
6	45	95.83706
9	45	85.845983
169	46	26.315079
22	46	16.981363
145	46	2.648808
171	47	108.567815
195	47	23.976198
243	47	23.533514
47	48	360.588092
129	48	12.619585
21	49	192.785351
146	49	10.4708
64	50	48.86653
164	50	48.374104
87	51	61.727278
181	51	18.124386
162	52	174.43202
126	52	114.484492
183	53	76.095979
180	53	9.73927
150	54	50.135628
43	54	50.068075
5	55	115.914349
78	55	22.158713
111	56	68.361325
219	56	21.826586
217	57	65.764449
13	57	0.963303
39	58	115.551085
298	58	117.128879
262	58	8.684646
113	59	11.004536
254	59	16.196106
174	59	2.552881
43	60	34.463748
294	60	7.094413
268	60	0.467517
92	61	3.597427
225	61	13.936076
172	61	4.882968
254	62	25.421166
127	62	13.202722
162	62	12.921134
111	63	5.944683
283	63	5.027515
243	63	4.770385
149	64	805.200424
211	65	55.800061
34	65	39.321419
261	66	62.02475
71	66	42.303565
64	66	32.719914
71	67	29.979633
189	67	16.830662
92	68	65.292252
142	68	142.692031
287	68	12.314912
82	68	3.325042
110	69	38.199437
267	69	74.767991
143	69	6.259377
178	70	78.328891
163	70	43.314177
110	70	21.70749
110	72	119.157227
206	72	43.707622
219	72	21.036452
169	73	6.526294
41	73	19.279358
43	73	19.195159
23	73	1.507658
28	74	12.424306
269	74	4.410217
74	75	66.017585
171	75	22.948357
117	76	282.127907
125	77	42.076418
73	77	28.06879
73	78	26.439921
97	78	2.828451
196	79	113.361491
73	79	38.590213
294	79	25.694263
97	79	3.250241
43	80	70.51358
21	80	44.572763
243	81	155.618487
92	82	66.630734
231	82	17.92747
127	82	8.973922
196	83	34.315262
298	83	30.249057
288	83	9.613458
218	84	11.696059
292	84	17.153213
251	84	8.844832
23	85	12.17981
169	85	11.67964
295	86	18.918732
300	86	14.152702
141	86	13.750056
6	86	4.36284
299	87	146.003852
117	87	103.213417
227	87	0.785113
162	88	14.718147
164	88	30.663512
147	88	15.185281
206	89	62.561792
240	89	49.950232
80	90	52.316106
188	90	72.619774
132	90	15.397432
28	90	2.32619
137	91	69.672076
196	91	32.77928
267	91	20.115727
132	92	148.838551
258	92	74.681932
38	93	21.239857
73	93	2.317132
230	93	0.51385
42	94	97.488488
196	94	49.762895
100	95	32.430163
208	95	13.046389
92	96	92.450542
39	96	26.306862
90	97	14.077537
196	97	33.766424
294	97	19.954014
80	97	8.331846
69	98	45.901751
103	98	29.810951
218	99	120.582666
189	99	44.786112
235	100	84.342079
25	100	37.725644
280	101	46.361767
71	101	65.381555
293	102	57.66247
294	102	15.158815
95	102	7.275229
117	103	90.805572
149	103	53.507121
89	104	85.704423
66	104	20.171869
15	105	54.24024
274	105	26.292768
24	106	6.501981
249	106	51.995196
156	106	48.975122
6	106	1.201883
219	107	10.739343
183	108	19.925726
128	108	1.337465
75	108	31.20354
235	108	6.379382
167	108	3.068249
224	109	42.045742
243	109	55.451338
266	109	20.669922
143	110	60.520393
106	110	25.829712
225	111	50.486236
89	111	35.99521
219	112	49.726318
129	112	13.211313
270	113	67.963388
90	113	46.615498
128	114	3.069576
240	114	32.358809
71	114	36.986774
19	114	4.958488
69	114	15.14238
276	114	4.01823
23	115	86.905654
222	115	30.169372
53	116	65.607124
218	116	43.676003
202	118	137.521885
147	118	53.796938
298	118	3.276899
95	118	15.965446
58	118	3.808257
99	119	27.350853
103	119	23.884359
64	120	36.146814
34	120	34.365593
25	120	15.21611
237	121	43.917633
32	121	5.825429
116	121	22.298536
152	121	1.226134
119	122	110.357336
103	122	17.736251
217	123	259.220952
129	124	14.383808
111	124	19.526681
225	124	3.909183
92	125	140.358965
42	125	84.910558
196	126	113.902258
288	126	6.1613
254	127	54.15054
169	127	6.781948
188	127	13.833432
42	127	7.471268
212	128	71.9259
211	128	19.972366
120	128	12.443619
240	129	24.390601
71	129	5.455881
219	130	75.704687
113	130	18.744703
270	130	11.434469
283	131	7.185456
249	131	39.73396
169	131	5.163443
150	132	12.273199
38	132	19.385967
43	132	5.991776
33	133	47.808354
113	133	3.089957
167	133	30.760163
280	133	3.811935
36	134	27.553955
155	134	29.136973
116	134	5.864708
220	134	4.347277
106	135	11.535926
166	135	15.228684
115	135	2.373861
99	136	397.931999
267	137	134.132047
285	137	30.613765
265	138	10.525627
150	138	7.30979
127	138	1.025084
71	139	42.900382
219	139	30.320371
58	140	28.796007
66	140	74.20334
196	140	53.277888
63	141	42.81778
31	141	12.234802
281	141	2.515195
21	142	141.08692
115	142	42.404698
188	143	53.473809
132	143	32.347013
146	144	327.044837
169	145	81.247187
150	145	21.500601
188	145	10.342562
53	146	239.634473
250	147	308.427212
188	147	71.053846
258	147	34.474795
147	148	103.166786
23	148	16.544387
42	148	1.942799
43	150	115.71984
21	150	72.063752
84	151	507.355915
197	151	0.675802
232	152	67.48539
149	152	22.004393
270	152	24.657309
77	153	91.977865
92	153	7.193138
188	154	65.266781
92	154	41.376526
222	154	1.005729
40	155	9.309386
277	155	4.211384
180	155	0.461585
261	156	13.187231
50	156	4.770408
25	156	4.074709
219	157	37.750491
290	157	11.38881
253	158	23.236662
4	158	57.02694
113	158	17.544072
185	159	122.602948
113	159	9.729721
298	159	6.591974
57	160	24.919314
58	160	44.191114
9	160	2.384688
262	160	13.723247
217	160	20.708168
247	160	8.262837
219	161	12.22809
139	161	15.750631
190	161	5.060561
150	162	92.629103
74	162	30.34195
128	163	62.214267
157	163	22.019602
111	163	4.141746
92	164	219.191812
131	164	185.882998
173	165	138.111285
254	165	44.19978
207	165	2.510404
188	166	9.80989
125	166	27.443656
147	166	19.969588
254	166	7.730004
69	167	174.897026
130	167	50.472822
180	167	24.589835
180	168	37.315711
53	168	12.980691
228	168	4.085297
23	169	16.626229
125	169	66.416249
172	169	46.442438
23	170	43.501616
73	170	11.439763
42	170	4.299787
14	171	62.141898
180	171	54.013737
92	172	58.669483
265	172	80.655577
258	172	4.285757
254	173	139.664024
127	173	23.446572
188	173	6.246225
252	174	11.685933
270	174	57.900324
265	174	5.371426
84	175	6.322672
50	175	5.796859
147	176	13.914826
177	176	19.066133
187	176	15.695633
249	177	51.949189
96	177	43.580008
165	178	167.669364
207	178	65.234992
187	179	25.961216
132	179	20.111649
117	180	171.197525
99	181	10.576836
224	181	4.178788
180	182	91.670258
48	182	15.350839
296	182	2.633965
76	183	52.403539
103	183	3.064697
56	184	39.822207
11	184	37.106359
223	184	74.146062
212	185	11.693578
152	185	54.290402
211	185	6.71073
128	185	9.433055
91	186	57.849861
267	186	18.839216
42	187	7.910548
39	187	18.865336
78	187	34.641494
73	187	6.694552
172	188	36.869498
254	188	85.59028
150	188	25.706646
218	189	47.721544
64	189	11.798381
251	189	8.687827
164	190	55.110932
111	190	2.507535
190	191	54.853394
218	191	54.095332
128	192	33.300017
203	192	83.523956
212	192	4.354226
274	193	46.969319
39	193	1.023945
256	194	3.120661
102	194	2.81361
206	195	12.010565
164	195	12.522102
111	195	10.525226
113	196	154.460408
90	196	10.908933
202	197	53.937803
64	197	17.261415
225	198	78.479805
172	198	46.158235
248	199	267.410008
243	199	43.168493
233	199	41.098056
61	200	164.096583
216	200	39.146385
278	200	58.525856
70	200	4.311127
244	200	1.739858
294	201	29.705455
196	201	56.455966
73	201	10.540348
218	202	62.122286
189	202	34.795927
27	203	25.998181
217	203	20.305237
2	203	17.725108
129	204	16.177291
71	204	4.695435
126	205	67.609561
32	205	14.90988
71	206	143.677336
263	206	8.086744
173	207	253.041555
92	207	37.865896
188	207	6.087828
140	208	7.312723
4	208	1.957381
225	208	14.557139
100	208	37.586126
58	208	1.626327
219	209	18.828058
89	209	13.562771
209	210	181.820062
127	210	6.649269
100	211	7.13267
195	211	47.921348
235	211	0.829168
211	212	88.047597
235	212	31.674613
65	212	17.46423
166	213	43.261399
254	213	6.703037
230	214	84.159072
258	214	11.492818
167	215	7.098762
5	215	11.319381
3	215	18.915667
20	215	12.016533
297	215	9.303218
264	216	326.109635
105	216	306.893255
104	216	119.009561
27	217	122.690743
2	217	8.300563
64	218	95.431653
251	218	32.838755
89	219	29.86376
206	219	33.503157
71	219	12.52687
63	220	24.75413
246	220	13.672626
234	220	3.563957
87	221	34.311391
19	221	6.474407
232	221	10.670426
242	221	1.06139
127	222	25.791542
258	222	7.222865
188	222	21.07159
145	222	25.6908
23	222	3.190272
87	223	13.314642
232	223	27.103843
299	223	5.676627
227	223	0.45081
65	224	107.147523
4	224	58.995585
290	225	273.415684
240	225	62.683219
129	225	19.257108
71	225	13.836016
85	226	48.226261
198	226	30.843644
297	227	3.793378
117	227	19.368791
91	227	9.61129
226	228	86.506002
44	228	54.044903
230	229	374.54619
231	230	263.498305
169	230	28.38996
170	230	7.139021
127	231	9.575144
188	231	20.828055
23	231	4.656275
87	232	15.451176
117	232	34.430854
180	232	2.357904
299	232	0.299674
219	233	17.535323
104	233	51.015238
206	233	9.553872
129	234	49.56003
280	234	5.919227
236	235	329.501705
284	235	3.629333
24	236	209.726725
106	236	29.816637
267	237	39.842164
5	237	32.077122
79	238	18.588256
142	238	14.859261
75	238	3.327381
42	239	15.356086
39	239	25.55575
22	239	8.016635
206	240	151.939386
57	241	79.020067
217	241	20.160313
223	242	47.946988
152	242	21.621355
117	242	12.950157
232	242	3.957489
251	243	5.357272
267	243	43.952212
261	243	11.250304
103	243	5.884252
207	244	63.629232
178	244	27.169484
127	245	70.579484
85	245	44.378948
240	246	48.551275
89	246	11.831696
280	246	1.11837
217	247	21.233914
2	247	26.768379
27	247	1.680071
154	248	210.401441
249	248	36.105283
80	248	22.9082
92	249	79.390417
143	249	28.263572
262	250	129.664233
172	250	93.288831
64	251	23.299858
149	251	18.625957
153	252	160.802855
41	252	21.51883
125	252	19.671911
196	253	35.937001
201	253	21.511847
265	254	46.035498
172	254	14.948468
28	254	11.634383
143	255	1.487437
161	255	14.312555
11	255	9.836314
90	255	0.110793
207	256	34.117945
224	256	13.754667
23	257	107.925546
222	257	28.412672
150	258	136.285719
132	258	30.385492
77	259	39.46271
153	259	30.138318
64	260	35.977136
292	260	20.08461
261	260	6.158419
50	261	71.995524
149	261	33.505496
199	262	46.449991
151	262	12.830093
277	263	141.396158
116	263	45.886997
78	264	56.706725
52	264	8.889737
92	265	114.936414
21	265	52.936931
28	266	84.863531
265	266	24.549796
164	267	78.035952
180	267	38.454762
150	268	20.917261
77	268	22.945597
43	268	13.228316
294	269	156.243172
268	269	75.163489
145	269	11.942167
224	270	3.279572
90	270	107.059783
65	270	13.369662
290	271	9.867324
89	271	18.946376
219	271	8.252987
273	272	36.132144
63	272	43.98505
90	272	18.803278
15	273	84.342377
259	273	25.747947
153	273	9.70111
145	274	3.385996
143	274	31.979092
73	274	23.052283
166	275	44.83997
294	275	51.141098
143	275	17.587262
272	276	264.651464
87	276	29.363317
65	276	33.0671
182	276	5.2847
40	276	0.298923
122	277	413.131008
103	277	105.630669
25	278	6.174623
151	278	6.579879
120	278	3.025436
294	279	91.296894
219	280	26.776972
297	280	15.071077
240	280	36.100435
298	280	13.511982
113	281	60.812624
211	281	90.569216
35	281	41.635846
105	282	31.072565
227	282	35.822697
187	282	8.679836
92	283	74.8765
265	283	25.522644
188	283	9.615176
29	284	148.842226
50	284	103.032617
213	284	23.037103
79	285	58.892969
52	285	34.328593
193	286	34.614253
92	287	19.735372
82	287	42.315835
77	287	8.116093
196	288	15.679755
140	288	24.61378
79	288	18.290548
288	289	147.099331
32	289	11.873679
42	289	1.576452
209	290	55.756157
219	290	50.018185
265	291	47.831605
62	291	30.105281
189	292	5.012474
251	292	94.784243
99	292	0.618366
83	293	3.781702
289	293	8.874812
196	293	6.576887
132	294	60.506512
94	294	63.706154
106	294	19.463627
146	294	7.107693
91	295	56.573772
137	295	8.73448
49	296	19.541228
294	296	32.259742
73	296	24.370489
211	297	80.738221
126	297	32.92485
113	298	145.280978
65	298	116.336636
117	299	24.053285
227	299	39.537596
76	299	13.261468
111	300	10.872878
100	300	20.98335
47	300	15.915455
