300
15	1	13.389737
164	1	4.199366
27	2	62.526614
203	2	13.995249
13	2	25.187624
33	3	2.339045
102	3	18.474838
185	3	9.631655
50	3	7.07567
143	4	11.453392
15	4	22.726366
294	4	11.475932
15	5	30.533886
19	5	85.189341
263	5	33.02272
249	5	0.22226
24	6	415.982183
142	6	193.490996
219	7	110.944027
258	8	18.91047
166	8	7.514238
29	9	73.127039
21	9	47.513887
45	9	21.487263
236	9	2.847302
127	10	46.712407
115	10	13.838256
12	11	127.848896
252	11	27.237672
230	12	28.052138
82	12	25.837786
265	12	22.044081
247	13	28.424713
203	13	37.039078
29	13	10.989548
217	13	7.849073
254	14	18.666549
222	14	6.933604
143	15	8.901457
115	15	39.393644
96	15	23.098797
41	16	9.903072
10	16	7.194524
162	16	0.024687
84	17	352.037834
119	18	5.630415
223	19	54.465707
116	19	70.910472
276	19	20.208238
36	20	75.969833
295	20	11.881923
193	20	6.468681
146	21	318.584257
24	21	22.034581
60	22	97.280694
23	22	64.042405
169	23	77.856506
265	23	64.572487
146	24	126.122454
243	24	89.522795
149	25	86.631874
292	25	41.941944
288	26	70.772906
83	26	21.491838
247	27	45.140575
213	27	15.759688
29	27	2.706448
42	28	20.702676
21	28	19.82519
43	28	1.625636
45	29	121.736963
81	29	89.714334
205	30	2.269431
35	30	14.621218
285	30	4.126496
281	30	1.054742
282	31	27.251306
272	31	26.454681
237	31	5.573227
113	32	15.935307
140	32	41.07918
270	32	0.259441
19	33	29.936393
81	33	6.005748
117	33	4.390912
84	34	68.524713
99	34	34.713237
126	35	35.181424
87	35	16.226788
205	35	4.126124
180	36	36.960612
84	36	29.418288
23	37	41.331093
283	37	33.609501
188	37	13.437749
150	38	76.460962
28	38	17.233098
143	39	5.493079
239	39	20.35489
92	39	17.291632
222	39	1.316161
47	40	77.600633
87	40	7.457053
19	40	6.283526
150	41	11.507219
54	41	27.074675
73	41	9.337152
21	42	155.850721
49	42	97.283156
73	43	55.191997
49	43	15.850824
42	43	14.626279
261	44	2.712718
180	44	28.799933
36	44	5.145493
6	45	30.645462
81	45	19.999416
169	46	26.315079
22	46	16.981363
145	46	2.648808
48	47	315.403979
243	47	31.013952
300	47	0.119031
182	48	41.226194
14	48	26.315163
129	48	10.418579
21	49	192.785351
146	49	10.4708
64	50	254.643493
87	51	61.727278
181	51	18.124386
162	52	174.43202
126	52	114.484492
183	53	53.987553
17	53	4.777007
232	53	4.40548
150	54	20.386607
43	54	12.469564
42	54	8.139476
5	55	115.914349
78	55	22.158713
111	56	68.361325
219	56	21.826586
217	57	65.764449
13	57	0.963303
39	58	115.551085
298	58	117.128879
262	58	8.684646
113	59	11.004536
254	59	16.196106
174	59	2.552881
43	60	34.463748
294	60	7.094413
268	60	0.467517
92	61	3.597427
225	61	13.936076
172	61	4.882968
254	62	60.664571
291	62	36.442807
283	63	21.064778
45	63	31.532068
246	63	17.622663
243	63	10.080113
149	64	296.755938
189	64	77.280079
34	65	15.354391
202	65	1.660579
50	66	29.316208
71	66	42.347706
120	66	35.441565
71	67	29.979633
189	67	16.830662
92	68	65.292252
142	68	142.692031
287	68	12.314912
82	68	3.325042
110	69	38.199437
267	69	74.767991
143	69	6.259377
178	70	78.328891
163	70	43.314177
110	70	21.70749
139	71	56.67835
225	71	48.156934
234	71	14.681908
290	71	10.648941
110	72	119.157227
206	72	43.707622
219	72	21.036452
169	73	50.355977
170	73	17.737841
42	73	1.344634
28	74	12.424306
269	74	4.410217
74	75	66.017585
171	75	22.948357
117	76	135.345004
299	76	15.027678
125	77	7.466759
73	77	13.550758
28	77	0.853924
73	78	26.439921
97	78	2.828451
196	79	113.361491
73	79	38.590213
294	79	25.694263
97	79	3.250241
43	80	70.51358
21	80	44.572763
243	81	155.618487
92	82	66.630734
231	82	17.92747
127	82	8.973922
270	83	156.925424
25	84	197.358833
218	84	27.486724
23	85	12.17981
169	85	11.67964
295	86	18.918732
300	86	14.152702
141	86	13.750056
6	86	4.36284
299	87	143.624387
223	87	107.82811
162	88	14.718147
164	88	30.663512
147	88	15.185281
219	89	64.023433
233	89	35.235713
80	90	52.316106
188	90	72.619774
132	90	15.397432
28	90	2.32619
137	91	69.672076
196	91	32.77928
267	91	20.115727
132	92	148.979866
169	92	41.260836
150	92	9.513449
38	93	21.239857
73	93	2.317132
230	93	0.51385
42	94	97.488488
196	94	49.762895
100	95	32.430163
208	95	13.046389
92	96	92.450542
39	96	26.306862
90	97	14.077537
196	97	33.766424
294	97	19.954014
80	97	8.331846
69	98	45.901751
103	98	29.810951
218	99	120.582666
189	99	44.786112
235	100	22.885607
25	100	3.902563
224	100	2.706092
89	101	56.429851
280	101	16.370404
293	102	57.66247
294	102	15.158815
95	102	7.275229
117	103	59.536953
149	103	35.151044
183	103	1.250253
89	104	34.002359
233	104	37.894469
219	104	7.747796
15	105	54.24024
274	105	26.292768
249	106	30.024082
156	106	40.876435
6	106	84.947223
4	106	12.165077
219	107	10.739343
183	108	19.925726
128	108	1.337465
75	108	31.20354
235	108	6.379382
167	108	3.068249
224	109	42.045742
243	109	55.451338
266	109	20.669922
143	110	60.520393
106	110	25.829712
225	111	50.486236
89	111	35.99521
219	112	49.726318
129	112	13.211313
196	113	51.903623
270	113	42.825916
26	113	3.538625
128	114	3.069576
240	114	32.358809
71	114	36.986774
19	114	4.958488
69	114	15.14238
276	114	4.01823
23	115	86.905654
222	115	30.169372
53	116	65.607124
218	116	43.676003
232	117	57.471359
87	117	1.886897
51	117	1.61413
202	118	137.521885
147	118	53.796938
298	118	3.276899
95	118	15.965446
58	118	3.808257
99	119	27.350853
103	119	23.884359
64	120	36.146814
34	120	34.365593
25	120	15.21611
237	121	43.917633
32	121	5.825429
116	121	22.298536
152	121	1.226134
119	122	64.504261
155	122	19.957779
137	122	46.599491
103	122	12.784719
284	122	2.249858
217	123	259.220952
129	124	14.383808
111	124	19.526681
225	124	3.909183
92	125	38.394086
28	125	36.092119
169	125	21.004991
196	126	113.902258
288	126	6.1613
254	127	54.15054
169	127	6.781948
188	127	13.833432
42	127	7.471268
212	128	71.9259
211	128	19.972366
120	128	12.443619
240	129	12.114903
219	129	8.739822
219	130	75.704687
113	130	18.744703
270	130	11.434469
283	131	16.861292
249	131	49.375104
187	131	5.721936
150	132	17.517024
38	132	15.451702
169	132	15.134526
33	133	47.808354
113	133	3.089957
167	133	30.760163
280	133	3.811935
36	134	27.553955
155	134	29.136973
116	134	5.864708
220	134	4.347277
106	135	11.535926
166	135	15.228684
115	135	2.373861
99	136	397.931999
267	137	134.132047
285	137	30.613765
265	138	10.525627
150	138	7.30979
127	138	1.025084
219	139	33.274481
101	139	13.793548
58	140	27.90764
66	140	73.327428
83	140	1.346054
288	140	1.515641
63	141	42.81778
31	141	12.234802
281	141	2.515195
21	142	141.08692
115	142	42.404698
188	143	87.293014
294	143	41.854294
146	144	327.044837
169	145	35.970897
23	145	20.143032
43	145	18.206939
53	146	156.046539
156	146	105.906138
250	147	308.427212
188	147	71.053846
258	147	34.474795
147	148	103.166786
23	148	16.544387
42	148	1.942799
251	149	110.108642
292	149	6.030704
43	150	59.645026
145	150	14.757967
21	150	13.730042
84	151	507.355915
197	151	0.675802
65	152	26.950407
149	152	15.379837
270	152	1.74551
259	153	148.712076
92	153	72.723692
188	154	65.266781
92	154	41.376526
222	154	1.005729
40	155	45.685801
110	155	9.480625
261	156	13.187231
50	156	4.770408
25	156	4.074709
219	157	37.750491
290	157	11.38881
253	158	23.236662
4	158	57.02694
113	158	17.544072
298	159	28.507947
26	159	29.523845
65	159	3.360428
57	160	24.919314
58	160	44.191114
9	160	2.384688
262	160	13.723247
217	160	20.708168
247	160	8.262837
219	161	32.971233
139	161	21.648281
150	162	92.629103
74	162	30.34195
128	163	62.214267
157	163	22.019602
111	163	4.141746
92	164	4.172174
131	164	125.763043
50	164	15.76957
147	164	9.752258
173	165	138.111285
254	165	44.19978
207	165	2.510404
188	166	9.80989
125	166	27.443656
147	166	19.969588
254	166	7.730004
69	167	174.897026
130	167	50.472822
180	167	24.589835
180	168	37.315711
53	168	12.980691
228	168	4.085297
265	169	76.136874
21	169	54.20685
23	170	83.728226
42	170	44.213724
47	171	129.145218
62	171	40.832913
92	172	104.0703
23	172	9.907836
265	172	9.013806
169	172	1.793335
254	173	139.664024
127	173	23.446572
188	173	6.246225
252	174	11.685933
270	174	57.900324
265	174	5.371426
84	175	6.322672
50	175	5.796859
147	176	13.914826
177	176	19.066133
187	176	15.695633
249	177	51.949189
96	177	43.580008
165	178	167.669364
207	178	65.234992
187	179	25.961216
132	179	20.111649
117	180	30.796923
267	180	63.630488
65	180	5.24327
276	180	3.133484
99	181	10.576836
224	181	4.178788
180	182	56.9169
296	182	21.923543
276	182	11.984785
76	183	76.432993
51	183	9.755212
56	184	69.085617
240	184	7.317507
159	185	151.884446
224	185	60.897952
91	186	57.849861
267	186	18.839216
42	187	7.910548
39	187	18.865336
78	187	34.641494
73	187	6.694552
172	188	68.759494
145	188	26.246814
164	190	55.110932
111	190	2.507535
190	191	54.853394
218	191	54.095332
128	192	33.300017
203	192	83.523956
212	192	4.354226
274	193	46.969319
39	193	1.023945
256	194	3.120661
102	194	2.81361
206	195	32.588833
211	195	95.105783
111	195	16.228134
26	196	149.193315
83	196	87.799208
64	197	10.647941
218	197	9.535755
225	198	78.479805
172	198	46.158235
248	199	283.453341
243	199	51.733014
233	199	38.020848
234	199	10.340278
61	200	164.096583
216	200	39.146385
278	200	58.525856
70	200	4.311127
244	200	1.739858
294	201	29.705455
196	201	56.455966
73	201	10.540348
197	202	151.821556
189	202	22.392635
27	203	48.844137
217	203	48.600991
9	203	18.166814
129	204	16.177291
71	204	4.695435
126	205	67.609561
32	205	14.90988
71	206	55.089111
263	206	25.929023
124	206	23.156835
173	207	253.041555
92	207	37.865896
188	207	6.087828
140	208	7.312723
4	208	1.957381
225	208	14.557139
100	208	37.586126
58	208	1.626327
210	209	169.101501
219	209	14.346068
89	210	31.283033
161	210	7.045308
65	211	98.101078
270	211	21.250167
211	212	52.546323
185	212	29.178385
236	212	45.081546
65	212	6.155494
166	213	76.350561
284	213	44.388686
230	214	84.159072
258	214	11.492818
167	215	7.098762
5	215	11.319381
3	215	18.915667
20	215	12.016533
297	215	9.303218
264	216	326.109635
105	216	306.893255
104	216	119.009561
27	217	116.320242
247	217	21.47971
64	218	20.181541
189	218	58.064694
149	218	0.221975
280	219	195.545057
63	220	24.75413
246	220	13.672626
234	220	3.563957
87	221	34.311391
19	221	6.474407
232	221	10.670426
242	221	1.06139
127	222	25.791542
258	222	7.222865
188	222	21.07159
145	222	25.6908
23	222	3.190272
242	223	201.69198
65	224	76.182203
34	224	2.487224
290	225	218.877756
233	225	95.123118
85	226	48.226261
198	226	30.843644
297	227	24.828902
87	227	24.561258
226	228	86.506002
44	228	54.044903
230	229	374.54619
231	230	263.498305
169	230	28.38996
170	230	7.139021
127	231	9.575144
188	231	20.828055
23	231	4.656275
87	232	67.808765
223	232	19.048644
242	232	9.53994
219	233	81.784867
50	233	12.240658
129	234	49.56003
280	234	5.919227
236	235	214.753056
284	235	14.38864
224	235	7.272963
24	236	209.726725
106	236	29.816637
267	237	39.842164
5	237	32.077122
79	238	18.588256
142	238	14.859261
75	238	3.327381
42	239	42.775375
46	239	16.191658
225	240	48.40064
89	240	8.110323
280	240	3.005561
57	241	79.020067
217	241	20.160313
184	242	53.714871
152	242	38.166082
251	243	3.533656
103	243	15.52518
261	243	11.688202
207	244	63.629232
178	244	27.169484
127	245	70.579484
85	245	44.378948
240	246	48.551275
89	246	11.831696
280	246	1.11837
29	247	143.449943
9	247	96.949961
154	248	210.401441
249	248	36.105283
80	248	22.9082
92	249	79.390417
143	249	28.263572
262	250	129.664233
172	250	93.288831
292	251	154.766687
189	251	79.437903
153	252	158.047356
28	252	21.707127
41	252	6.579118
196	253	35.937001
201	253	21.511847
265	254	76.886799
188	254	43.697655
28	254	3.860784
143	255	1.487437
161	255	14.312555
11	255	9.836314
90	255	0.110793
207	256	34.117945
224	256	13.754667
23	257	107.925546
222	257	28.412672
150	258	54.601277
92	258	18.70452
188	258	8.045925
77	259	114.725992
273	259	3.91545
64	260	35.977136
292	260	20.08461
261	260	6.158419
66	261	126.054136
149	261	49.391255
199	262	46.449991
151	262	12.830093
277	263	141.396158
116	263	45.886997
78	264	56.706725
52	264	8.889737
42	265	81.063001
21	265	6.175705
28	266	84.863531
265	266	24.549796
164	267	69.708694
243	267	61.022141
150	268	20.917261
77	268	22.945597
43	268	13.228316
294	269	156.243172
268	269	75.163489
145	269	11.942167
224	270	55.374191
65	270	7.24398
290	271	9.867324
89	271	18.946376
219	271	8.252987
273	272	36.132144
63	272	43.98505
90	272	18.803278
77	273	160.38001
15	273	51.516853
145	274	3.385996
143	274	31.979092
73	274	23.052283
166	275	44.83997
294	275	51.141098
143	275	17.587262
272	276	240.542962
87	276	97.01935
65	276	55.315454
122	277	444.70913
140	277	77.135613
103	277	87.764532
25	278	6.174623
151	278	6.579879
120	278	3.025436
294	279	91.296894
113	280	33.495181
297	280	12.394247
113	281	60.812624
211	281	90.569216
35	281	41.635846
105	282	31.072565
227	282	35.822697
187	282	8.679836
92	283	74.8765
265	283	25.522644
188	283	9.615176
29	284	188.567267
50	284	76.405272
120	284	12.975389
79	285	58.892969
52	285	34.328593
193	286	34.614253
92	287	19.735372
82	287	42.315835
77	287	8.116093
289	288	191.178453
83	288	57.04326
83	289	53.279241
270	289	21.90711
209	290	55.756157
219	290	50.018185
265	291	64.950411
162	291	8.485506
189	292	568.786919
83	293	3.781702
289	293	8.874812
196	293	6.576887
132	294	63.114345
94	294	42.78913
146	294	22.567826
91	295	56.573772
137	295	8.73448
49	296	19.541228
294	296	32.259742
73	296	24.370489
211	297	80.738221
126	297	32.92485
113	298	25.899986
65	298	112.359299
83	298	5.5051
223	299	280.413739
100	300	56.341041
89	300	58.832206
