300
15	1	13.389737
164	1	4.199366
247	2	57.957599
13	2	2.000484
33	3	2.339045
102	3	18.474838
185	3	9.631655
50	3	7.07567
143	4	11.453392
15	4	22.726366
294	4	11.475932
15	5	30.533886
19	5	85.189341
263	5	33.02272
249	5	0.22226
24	6	415.982183
142	6	193.490996
219	7	110.944027
258	8	18.91047
166	8	7.514238
45	9	127.635108
146	9	112.135669
127	10	46.712407
115	10	13.838256
12	11	127.848896
252	11	27.237672
230	12	110.304792
265	12	34.29958
247	13	233.358252
254	14	18.666549
222	14	6.933604
143	15	8.901457
115	15	39.393644
96	15	23.098797
41	16	9.903072
10	16	7.194524
162	16	0.024687
84	17	32.509851
249	17	14.248821
119	18	5.630415
223	19	30.410255
116	19	53.722806
40	19	3.938729
276	19	1.071076
36	20	75.969833
295	20	11.881923
193	20	6.468681
146	21	427.824873
106	21	51.624208
60	22	52.668678
23	22	9.144714
46	22	8.45629
169	23	10.433638
265	23	29.603025
145	23	20.122222
146	24	337.525978
272	24	212.018868
188	24	55.515352
196	26	21.855117
28	26	69.44811
126	26	19.430816
247	27	42.092689
2	27	28.387182
213	27	6.801157
42	28	34.888316
125	28	24.73168
73	28	3.133645
9	29	72.847462
81	29	39.120897
45	29	7.385297
205	30	2.269431
35	30	14.621218
285	30	4.126496
281	30	1.054742
282	31	27.251306
272	31	26.454681
237	31	5.573227
113	32	11.740477
281	32	13.987234
83	32	2.241536
19	33	29.936393
81	33	6.005748
117	33	4.390912
84	34	513.743539
126	35	35.181424
87	35	16.226788
205	35	4.126124
180	36	36.960612
84	36	29.418288
23	37	41.331093
283	37	33.609501
188	37	13.437749
150	38	7.851229
132	38	10.406178
92	38	9.867094
143	39	12.376576
92	39	12.312135
150	39	12.781757
47	40	55.34995
87	40	29.63125
103	40	1.210781
150	41	11.507219
54	41	27.074675
73	41	9.337152
265	42	55.88454
43	42	49.284613
127	42	2.344244
150	43	90.627237
73	43	65.219951
261	44	2.712718
180	44	28.799933
36	44	5.145493
6	45	30.645462
81	45	19.999416
169	46	88.44351
73	46	9.764705
171	47	108.567815
195	47	23.976198
243	47	23.533514
47	48	360.588092
129	48	12.619585
21	49	345.606005
43	49	27.315606
42	49	11.676818
22	49	30.156597
125	49	1.343166
64	50	48.86653
164	50	48.374104
87	51	61.727278
181	51	18.124386
162	52	174.43202
126	52	114.484492
183	53	53.987553
17	53	4.777007
232	53	4.40548
150	54	20.386607
43	54	12.469564
42	54	8.139476
5	55	115.914349
78	55	22.158713
111	56	68.361325
219	56	21.826586
217	57	65.764449
13	57	0.963303
39	58	115.551085
298	58	117.128879
262	58	8.684646
113	59	11.004536
254	59	16.196106
174	59	2.552881
43	60	34.463748
294	60	7.094413
268	60	0.467517
92	61	3.597427
225	61	13.936076
172	61	4.882968
254	62	60.664571
291	62	36.442807
111	63	5.944683
283	63	5.027515
243	63	4.770385
25	64	28.077837
84	64	25.647698
224	65	87.577516
152	65	36.284531
261	66	62.02475
71	66	42.303565
64	66	32.719914
71	67	29.979633
189	67	16.830662
92	68	65.292252
142	68	142.692031
287	68	12.314912
82	68	3.325042
110	69	38.199437
267	69	74.767991
143	69	6.259377
178	70	78.328891
163	70	43.314177
110	70	21.70749
225	71	37.970723
234	71	34.333296
219	71	27.73795
110	72	119.157227
206	72	43.707622
219	72	21.036452
169	73	472.792403
28	74	12.424306
269	74	4.410217
74	75	66.017585
171	75	22.948357
117	76	36.158658
299	76	14.84332
243	76	0.225592
125	77	11.661963
153	77	69.462353
150	77	12.921815
73	78	26.439921
97	78	2.828451
80	79	69.078139
294	79	30.315466
43	80	70.51358
21	80	44.572763
243	81	155.618487
92	82	62.628377
12	82	26.646582
231	82	7.879761
196	83	69.598626
298	83	26.77258
289	83	6.778579
25	84	894.122566
245	85	79.896523
145	85	95.020795
295	86	12.603223
300	86	18.425979
47	86	8.510821
298	86	9.530405
6	86	3.325317
299	87	113.996645
117	87	26.762822
232	87	16.408244
162	88	14.718147
164	88	30.663512
147	88	15.185281
129	89	39.475762
240	89	7.847182
80	90	52.316106
188	90	72.619774
132	90	15.397432
28	90	2.32619
267	91	129.916077
196	91	35.740803
264	91	11.097886
172	92	68.347857
150	92	14.050768
258	92	2.435638
38	93	21.239857
73	93	2.317132
230	93	0.51385
294	94	21.770569
196	94	68.058982
49	94	11.731438
100	95	32.430163
208	95	13.046389
92	96	92.450542
39	96	26.306862
90	97	91.491067
79	97	12.782414
294	97	11.108958
69	98	45.901751
103	98	29.810951
218	99	120.582666
189	99	44.786112
235	100	22.885607
25	100	3.902563
224	100	2.706092
280	101	46.361767
71	101	65.381555
293	102	57.66247
294	102	15.158815
95	102	7.275229
117	103	38.949745
294	103	23.93861
243	103	29.870358
89	104	34.002359
233	104	37.894469
219	104	7.747796
15	105	54.24024
274	105	26.292768
24	106	73.246077
249	106	40.61306
156	106	36.868591
219	107	10.739343
183	108	19.925726
128	108	1.337465
75	108	31.20354
235	108	6.379382
167	108	3.068249
224	109	42.045742
243	109	55.451338
266	109	20.669922
143	110	60.520393
106	110	25.829712
225	111	50.486236
89	111	35.99521
219	112	49.726318
129	112	13.211313
270	113	106.875067
97	113	67.968139
128	114	3.069576
240	114	32.358809
71	114	36.986774
19	114	4.958488
69	114	15.14238
276	114	4.01823
23	115	86.905654
222	115	30.169372
53	116	65.607124
218	116	43.676003
232	117	150.103598
180	117	12.389781
202	118	137.521885
147	118	53.796938
298	118	3.276899
95	118	15.965446
58	118	3.808257
99	119	27.350853
103	119	23.884359
64	120	36.146814
34	120	34.365593
25	120	15.21611
237	121	43.917633
32	121	5.825429
116	121	22.298536
152	121	1.226134
119	122	61.984
103	122	27.692246
137	122	41.041347
284	122	1.593207
217	123	259.220952
129	124	14.383808
111	124	19.526681
225	124	3.909183
92	125	53.864005
42	125	31.128502
169	125	3.605618
196	126	111.157442
83	126	6.040073
254	127	62.391164
169	127	29.245698
188	127	10.13078
150	127	2.606186
212	128	71.9259
211	128	19.972366
120	128	12.443619
240	129	65.831643
219	130	75.704687
113	130	18.744703
270	130	11.434469
283	131	7.185456
249	131	39.73396
169	131	5.163443
92	132	113.246595
43	132	7.188158
73	132	0.591765
33	133	47.808354
113	133	3.089957
167	133	30.760163
280	133	3.811935
36	134	27.553955
155	134	29.136973
116	134	5.864708
220	134	4.347277
106	135	11.535926
166	135	15.228684
115	135	2.373861
99	136	397.931999
91	137	100.669307
267	137	38.059617
265	138	61.477815
150	138	35.065422
71	139	42.900382
219	139	30.320371
32	140	6.858459
58	140	14.723734
66	140	41.815381
83	140	28.14412
63	141	27.26137
31	141	22.27862
86	141	5.270357
21	142	141.08692
115	142	42.404698
188	143	87.293014
294	143	41.854294
146	144	327.044837
169	145	70.479186
46	145	15.028483
73	145	7.087315
53	146	177.308212
156	146	122.175726
294	146	61.009337
250	147	308.427212
188	147	71.053846
258	147	34.474795
147	148	103.166786
23	148	16.544387
42	148	1.942799
64	149	62.320734
251	149	9.69784
120	149	3.327848
145	150	101.99023
73	150	80.482794
84	151	507.355915
197	151	0.675802
232	152	67.48539
149	152	22.004393
270	152	24.657309
252	153	143.01351
92	153	0.966154
188	154	65.266781
92	154	41.376526
222	154	1.005729
40	155	9.309386
277	155	4.211384
180	155	0.461585
261	156	13.187231
50	156	4.770408
25	156	4.074709
219	157	37.750491
290	157	11.38881
253	158	23.236662
4	158	57.02694
113	158	17.544072
298	159	28.507947
26	159	29.523845
65	159	3.360428
57	160	24.919314
58	160	44.191114
9	160	2.384688
262	160	13.723247
217	160	20.708168
247	160	8.262837
219	161	12.22809
139	161	15.750631
190	161	5.060561
150	162	92.629103
74	162	30.34195
128	163	62.214267
157	163	22.019602
111	163	4.141746
92	164	219.191812
131	164	185.882998
178	165	93.452608
173	165	64.910998
254	165	24.392252
188	166	9.80989
125	166	27.443656
147	166	19.969588
254	166	7.730004
69	167	174.897026
130	167	50.472822
180	167	24.589835
180	168	37.315711
53	168	12.980691
228	168	4.085297
23	170	43.501616
73	170	11.439763
42	170	4.299787
14	171	62.141898
180	171	54.013737
169	172	155.894244
258	172	91.348292
207	173	149.961509
254	173	65.622644
188	173	9.975822
127	173	0.570158
252	174	11.685933
270	174	57.900324
265	174	5.371426
84	175	6.322672
50	175	5.796859
147	176	13.914826
177	176	19.066133
187	176	15.695633
249	177	51.949189
96	177	43.580008
173	178	81.187275
244	178	20.967064
188	178	26.033406
207	178	2.14011
187	179	25.961216
132	179	20.111649
267	180	9.820395
243	180	7.708216
99	181	10.576836
224	181	4.178788
180	182	91.670258
48	182	15.350839
296	182	2.633965
76	183	41.712315
51	183	11.270848
103	183	4.580333
56	184	39.822207
11	184	37.106359
223	184	74.146062
159	185	151.884446
224	185	60.897952
91	186	57.849861
267	186	18.839216
42	187	7.910548
39	187	18.865336
78	187	34.641494
73	187	6.694552
172	188	36.869498
254	188	85.59028
150	188	25.706646
218	189	76.087047
64	189	11.870263
197	189	10.308652
164	190	55.110932
111	190	2.507535
190	191	54.853394
218	191	54.095332
128	192	33.300017
203	192	83.523956
212	192	4.354226
274	193	46.969319
39	193	1.023945
102	194	16.599643
206	195	32.588833
211	195	95.105783
111	195	16.228134
113	196	168.920873
79	196	89.774665
64	197	10.647941
218	197	9.535755
225	198	78.479805
172	198	46.158235
248	199	283.453341
243	199	51.733014
233	199	38.020848
234	199	10.340278
61	200	164.096583
216	200	39.146385
278	200	58.525856
70	200	4.311127
244	200	1.739858
294	201	29.705455
196	201	56.455966
73	201	10.540348
197	202	151.821556
189	202	22.392635
27	203	27.500448
217	203	41.379321
9	203	10.872562
2	203	10.430856
129	204	16.177291
71	204	4.695435
126	205	67.609561
32	205	14.90988
71	206	55.089111
263	206	25.929023
124	206	23.156835
244	207	149.799523
254	207	29.993896
92	207	16.806666
140	208	7.312723
4	208	1.957381
225	208	14.557139
100	208	37.586126
58	208	1.626327
219	209	18.828058
89	209	13.562771
209	210	181.820062
127	210	6.649269
65	211	24.827991
270	211	24.317312
100	211	10.326721
211	212	52.546323
185	212	29.178385
236	212	45.081546
65	212	6.155494
166	213	76.350561
284	213	44.388686
230	214	84.159072
258	214	11.492818
167	215	7.098762
5	215	11.319381
3	215	18.915667
20	215	12.016533
297	215	9.303218
264	216	326.109635
105	216	306.893255
104	216	119.009561
27	217	136.272812
13	217	26.74785
64	218	100.866453
34	218	29.263343
84	218	5.979045
89	219	59.535789
233	219	35.009714
63	220	24.75413
246	220	13.672626
234	220	3.563957
87	221	34.311391
19	221	6.474407
232	221	10.670426
242	221	1.06139
127	222	25.791542
258	222	7.222865
188	222	21.07159
145	222	25.6908
23	222	3.190272
87	223	13.314642
232	223	27.103843
299	223	5.676627
227	223	0.45081
4	224	56.968193
197	224	30.694087
290	225	255.853068
240	225	60.884068
129	225	26.541877
85	226	48.226261
198	226	30.843644
297	227	24.828902
87	227	24.561258
226	228	86.506002
44	228	54.044903
230	229	374.54619
231	230	263.498305
169	230	28.38996
170	230	7.139021
127	231	9.575144
188	231	20.828055
23	231	4.656275
180	232	150.392175
50	233	143.828572
129	234	49.56003
280	234	5.919227
236	235	214.753056
284	235	14.38864
224	235	7.272963
24	236	209.726725
106	236	29.816637
267	237	39.842164
5	237	32.077122
79	238	18.588256
142	238	14.859261
75	238	3.327381
42	239	15.356086
39	239	25.55575
22	239	8.016635
233	240	162.728343
57	241	79.020067
217	241	20.160313
223	242	47.946988
152	242	21.621355
117	242	12.950157
232	242	3.957489
251	243	14.747503
261	243	13.531687
254	244	127.619036
127	245	29.251236
125	245	11.818054
240	246	48.551275
89	246	11.831696
280	246	1.11837
29	247	143.449943
9	247	96.949961
154	248	210.401441
249	248	36.105283
80	248	22.9082
92	249	79.390417
143	249	28.263572
262	250	129.664233
172	250	93.288831
64	251	109.913009
189	251	33.623146
84	251	15.076029
28	252	29.847786
92	252	13.239148
41	252	1.270621
196	253	35.937001
201	253	21.511847
265	254	57.587413
172	254	11.623678
138	254	6.976347
143	255	1.487437
161	255	14.312555
11	255	9.836314
90	255	0.110793
194	256	90.292189
224	256	31.261998
23	257	107.925546
222	257	28.412672
150	258	90.530471
145	258	3.058131
77	259	39.46271
153	259	30.138318
64	260	35.977136
292	260	20.08461
261	260	6.158419
50	261	71.995524
149	261	33.505496
199	262	46.449991
151	262	12.830093
277	263	141.396158
116	263	45.886997
78	264	56.706725
52	264	8.889737
92	265	98.220697
172	265	24.998581
169	265	11.192723
28	266	84.863531
265	266	24.549796
164	267	69.708694
243	267	61.022141
150	268	20.917261
77	268	22.945597
43	268	13.228316
294	269	156.243172
268	269	75.163489
145	269	11.942167
224	270	151.734893
90	270	100.934101
290	271	9.867324
89	271	18.946376
219	271	8.252987
273	272	47.314967
63	272	54.380754
188	272	18.391025
15	273	84.342377
259	273	25.747947
153	273	9.70111
145	274	3.385996
143	274	31.979092
73	274	23.052283
166	275	44.83997
294	275	51.141098
143	275	17.587262
272	276	264.651464
87	276	29.363317
65	276	33.0671
182	276	5.2847
40	276	0.298923
122	277	444.70913
140	277	77.135613
103	277	87.764532
25	278	6.174623
151	278	6.579879
120	278	3.025436
294	279	91.296894
219	280	26.776972
297	280	15.071077
240	280	36.100435
298	280	13.511982
113	281	14.124637
211	281	89.3087
126	281	19.33897
105	282	31.072565
227	282	35.822697
187	282	8.679836
92	283	74.8765
265	283	25.522644
188	283	9.615176
29	284	188.567267
50	284	76.405272
120	284	12.975389
79	285	58.892969
52	285	34.328593
193	286	34.614253
92	287	19.735372
82	287	42.315835
77	287	8.116093
289	288	193.993624
126	288	68.676224
201	288	12.713392
196	289	66.299315
42	289	35.351988
209	290	55.756157
219	290	50.018185
265	291	64.950411
162	291	8.485506
189	292	53.588566
25	292	55.540411
34	292	1.996667
83	293	3.781702
289	293	8.874812
196	293	6.576887
132	294	389.274387
91	295	56.573772
137	295	8.73448
49	296	19.541228
294	296	32.259742
73	296	24.370489
211	297	80.738221
126	297	32.92485
113	298	145.280978
65	298	116.336636
232	299	276.2982
111	300	10.872878
100	300	20.98335
47	300	15.915455
