300
15	1	13.389737
164	1	4.199366
247	2	239.650803
33	3	2.339045
102	3	18.474838
185	3	9.631655
50	3	7.07567
143	4	11.453392
15	4	22.726366
294	4	11.475932
15	5	103.047968
19	5	61.969434
120	5	3.424947
24	6	415.982183
142	6	193.490996
219	7	110.944027
258	8	18.91047
166	8	7.514238
45	9	127.635108
146	9	112.135669
127	10	46.712407
115	10	13.838256
12	11	127.848896
252	11	27.237672
230	12	28.052138
82	12	25.837786
265	12	22.044081
247	13	28.424713
203	13	37.039078
29	13	10.989548
217	13	7.849073
254	14	18.666549
222	14	6.933604
143	15	8.901457
115	15	39.393644
96	15	23.098797
41	16	9.903072
10	16	7.194524
162	16	0.024687
84	17	32.509851
249	17	14.248821
119	18	5.630415
40	19	135.430659
36	20	75.969833
295	20	11.881923
193	20	6.468681
146	21	427.824873
106	21	51.624208
60	22	97.280694
23	22	64.042405
169	23	10.433638
265	23	29.603025
145	23	20.122222
146	24	129.812603
66	24	79.792886
84	25	198.240907
292	25	4.220642
288	26	10.406214
97	26	3.96667
83	26	10.97133
28	26	2.926489
247	27	42.092689
2	27	28.387182
213	27	6.801157
42	28	9.581359
125	28	20.959859
21	28	4.481919
9	29	72.847462
81	29	39.120897
45	29	7.385297
205	30	2.269431
35	30	14.621218
285	30	4.126496
281	30	1.054742
282	31	27.251306
272	31	26.454681
237	31	5.573227
140	32	76.592555
26	32	40.550001
19	33	29.936393
81	33	6.005748
117	33	4.390912
84	34	68.524713
99	34	34.713237
126	35	35.181424
87	35	16.226788
205	35	4.126124
180	36	36.960612
84	36	29.418288
23	37	41.331093
283	37	33.609501
188	37	13.437749
150	38	7.851229
132	38	10.406178
92	38	9.867094
143	39	5.493079
239	39	20.35489
92	39	17.291632
222	39	1.316161
47	40	173.487793
150	41	28.755038
54	41	25.485024
42	41	0.353026
21	42	127.239021
54	42	45.895811
150	43	0.16407
73	43	19.127194
54	43	4.094372
268	43	1.352055
261	44	29.312285
228	44	34.44622
270	44	0.825945
6	45	30.645462
81	45	19.999416
169	46	26.315079
22	46	16.981363
145	46	2.648808
14	47	26.410657
243	47	44.24544
300	47	2.430159
47	48	320.767692
182	48	18.243817
129	48	15.924277
21	49	345.606005
43	49	27.315606
42	49	11.676818
22	49	30.156597
125	49	1.343166
64	50	254.643493
87	51	61.727278
181	51	18.124386
162	52	174.43202
126	52	114.484492
183	53	36.82433
116	53	20.812119
180	53	4.952263
150	54	103.029443
268	54	5.393149
5	55	115.914349
78	55	22.158713
111	56	68.361325
219	56	21.826586
217	57	65.764449
13	57	0.963303
39	58	107.575648
31	58	41.342342
189	58	8.654376
262	58	6.684224
113	59	11.004536
254	59	16.196106
174	59	2.552881
43	60	34.463748
294	60	7.094413
268	60	0.467517
92	61	3.597427
225	61	13.936076
172	61	4.882968
254	62	25.421166
127	62	13.202722
162	62	12.921134
283	63	18.774551
45	63	27.219752
243	63	13.447071
25	64	84.204054
292	64	29.788499
224	65	38.933183
270	65	2.745844
202	65	1.475345
50	66	29.316208
71	66	42.347706
120	66	35.441565
71	67	29.979633
189	67	16.830662
92	68	65.292252
142	68	142.692031
287	68	12.314912
82	68	3.325042
110	69	38.199437
267	69	74.767991
143	69	6.259377
178	70	78.328891
163	70	43.314177
110	70	21.70749
139	71	194.247032
110	72	119.157227
206	72	43.707622
219	72	21.036452
169	73	58.987296
41	73	49.883668
132	73	7.504261
28	74	12.424306
269	74	4.410217
74	75	66.017585
171	75	22.948357
117	76	36.158658
299	76	14.84332
243	76	0.225592
125	77	7.466759
73	77	13.550758
28	77	0.853924
73	78	26.439921
97	78	2.828451
196	79	113.361491
73	79	38.590213
294	79	25.694263
97	79	3.250241
43	80	70.51358
21	80	44.572763
243	81	155.618487
92	82	66.630734
231	82	17.92747
127	82	8.973922
140	83	191.921542
292	84	718.012914
23	85	12.17981
169	85	11.67964
295	86	18.918732
300	86	14.152702
141	86	13.750056
6	86	4.36284
223	87	99.99736
117	87	42.715017
162	88	14.718147
164	88	30.663512
147	88	15.185281
129	89	42.857195
206	89	23.840174
80	90	52.316106
188	90	72.619774
132	90	15.397432
28	90	2.32619
295	91	33.55128
186	91	18.420204
196	91	22.386897
267	91	16.726218
258	92	66.180002
150	92	46.848259
38	93	21.239857
73	93	2.317132
230	93	0.51385
294	94	21.770569
196	94	68.058982
49	94	11.731438
100	95	32.430163
208	95	13.046389
92	96	92.450542
39	96	26.306862
90	97	49.27776
294	97	17.892113
80	97	16.618102
69	98	45.901751
103	98	29.810951
218	99	120.582666
189	99	44.786112
235	100	22.885607
25	100	3.902563
224	100	2.706092
280	101	46.361767
71	101	65.381555
293	102	57.66247
294	102	15.158815
95	102	7.275229
117	103	38.949745
294	103	23.93861
243	103	29.870358
89	104	85.704423
66	104	20.171869
15	105	54.24024
274	105	26.292768
24	106	47.4989
156	106	50.520078
146	106	0.525392
219	107	10.739343
183	108	19.925726
128	108	1.337465
75	108	31.20354
235	108	6.379382
167	108	3.068249
224	109	42.045742
243	109	55.451338
266	109	20.669922
143	110	60.520393
106	110	25.829712
225	111	50.486236
89	111	35.99521
219	112	49.726318
129	112	13.211313
196	113	51.903623
270	113	42.825916
26	113	3.538625
128	114	3.069576
240	114	32.358809
71	114	36.986774
19	114	4.958488
69	114	15.14238
276	114	4.01823
23	115	86.905654
222	115	30.169372
76	116	20.44231
17	116	7.730062
19	117	167.858974
202	118	137.521885
147	118	53.796938
298	118	3.276899
95	118	15.965446
58	118	3.808257
99	119	27.350853
103	119	23.884359
64	120	36.146814
34	120	34.365593
25	120	15.21611
237	121	43.917633
32	121	5.825429
116	121	22.298536
152	121	1.226134
277	122	346.962703
263	122	15.315444
155	122	16.039525
137	122	12.214737
217	123	259.220952
129	124	14.383808
111	124	19.526681
225	124	3.909183
92	125	140.358965
42	125	84.910558
196	126	113.902258
288	126	6.1613
254	127	58.662506
230	127	64.911465
42	127	47.202818
212	128	71.9259
211	128	19.972366
120	128	12.443619
71	129	46.896923
219	130	75.704687
113	130	18.744703
270	130	11.434469
283	131	16.861292
249	131	49.375104
187	131	5.721936
92	132	90.21132
150	132	69.762393
33	133	47.808354
113	133	3.089957
167	133	30.760163
280	133	3.811935
36	134	27.553955
155	134	29.136973
116	134	5.864708
220	134	4.347277
106	135	11.535926
166	135	15.228684
115	135	2.373861
99	136	397.931999
91	137	28.750372
267	137	30.839999
295	137	2.384505
265	138	10.525627
150	138	7.30979
127	138	1.025084
58	140	114.499514
66	140	58.548972
63	141	42.81778
31	141	12.234802
281	141	2.515195
21	142	141.08692
115	142	42.404698
188	143	87.293014
294	143	41.854294
146	144	327.044837
150	145	27.79766
172	145	24.48605
21	145	1.704479
156	146	189.494072
250	147	308.427212
188	147	71.053846
258	147	34.474795
147	148	103.166786
23	148	16.544387
42	148	1.942799
64	149	62.320734
251	149	9.69784
120	149	3.327848
21	150	439.304388
84	151	507.355915
197	151	0.675802
232	152	67.48539
149	152	22.004393
270	152	24.657309
77	153	91.977865
92	153	7.193138
188	154	65.266781
92	154	41.376526
222	154	1.005729
40	155	9.309386
277	155	4.211384
180	155	0.461585
261	156	13.187231
50	156	4.770408
25	156	4.074709
219	157	37.750491
290	157	11.38881
253	158	23.236662
4	158	57.02694
113	158	17.544072
298	159	28.507947
26	159	29.523845
65	159	3.360428
57	160	24.919314
58	160	44.191114
9	160	2.384688
262	160	13.723247
217	160	20.708168
247	160	8.262837
219	161	12.22809
139	161	15.750631
190	161	5.060561
150	162	92.629103
74	162	30.34195
128	163	62.214267
157	163	22.019602
111	163	4.141746
92	164	37.262517
131	164	195.876367
50	164	24.987074
39	164	3.784214
178	165	93.452608
173	165	64.910998
254	165	24.392252
188	166	9.80989
125	166	27.443656
147	166	19.969588
254	166	7.730004
69	167	174.897026
130	167	50.472822
180	167	24.589835
180	168	37.315711
53	168	12.980691
228	168	4.085297
145	169	43.773822
125	169	78.591368
172	169	33.263863
23	170	43.501616
73	170	11.439763
42	170	4.299787
47	171	129.145218
62	171	40.832913
92	172	58.669483
265	172	80.655577
258	172	4.285757
207	173	149.961509
254	173	65.622644
188	173	9.975822
127	173	0.570158
252	174	11.685933
270	174	57.900324
265	174	5.371426
84	175	6.322672
50	175	5.796859
147	176	13.914826
177	176	19.066133
187	176	15.695633
249	177	51.949189
96	177	43.580008
173	178	81.187275
244	178	20.967064
188	178	26.033406
207	178	2.14011
187	179	25.961216
132	179	20.111649
117	180	30.796923
267	180	63.630488
65	180	5.24327
276	180	3.133484
99	181	10.576836
224	181	4.178788
180	182	56.9169
296	182	21.923543
276	182	11.984785
76	183	21.801183
51	183	14.951692
116	183	5.714382
103	183	17.966269
5	183	2.263349
56	184	39.822207
11	184	37.106359
223	184	74.146062
159	185	151.884446
224	185	60.897952
267	186	117.836779
52	186	19.975319
42	187	7.910548
39	187	18.865336
78	187	34.641494
73	187	6.694552
172	188	36.869498
254	188	85.59028
150	188	25.706646
218	189	14.462498
64	189	22.178231
292	189	16.997542
164	190	55.110932
111	190	2.507535
190	191	54.853394
218	191	54.095332
128	192	33.300017
203	192	83.523956
212	192	4.354226
274	193	46.969319
39	193	1.023945
256	194	3.120661
102	194	2.81361
206	195	32.588833
211	195	95.105783
111	195	16.228134
26	196	58.718195
83	196	74.556327
97	196	23.21456
64	197	10.647941
218	197	9.535755
225	198	78.479805
172	198	46.158235
248	199	267.410008
243	199	43.168493
233	199	41.098056
61	200	164.096583
216	200	39.146385
278	200	58.525856
70	200	4.311127
244	200	1.739858
294	201	29.705455
196	201	56.455966
73	201	10.540348
197	202	151.821556
189	202	22.392635
27	203	27.500448
217	203	41.379321
9	203	10.872562
2	203	10.430856
129	204	16.177291
71	204	4.695435
126	205	67.609561
32	205	14.90988
71	206	267.927473
244	207	149.799523
254	207	29.993896
92	207	16.806666
140	208	7.312723
4	208	1.957381
225	208	14.557139
100	208	37.586126
58	208	1.626327
210	209	169.101501
219	209	14.346068
89	210	57.190183
127	210	45.923447
65	211	24.827991
270	211	24.317312
100	211	10.326721
211	212	52.546323
185	212	29.178385
236	212	45.081546
65	212	6.155494
166	213	76.350561
284	213	44.388686
230	214	84.159072
258	214	11.492818
167	215	7.098762
5	215	11.319381
3	215	18.915667
20	215	12.016533
297	215	9.303218
264	216	326.109635
105	216	306.893255
104	216	119.009561
29	217	235.99318
64	218	71.33829
292	218	13.750452
84	218	6.261857
89	219	32.922058
206	219	18.649254
139	219	16.572916
63	220	24.75413
246	220	13.672626
234	220	3.563957
87	221	34.311391
19	221	6.474407
232	221	10.670426
242	221	1.06139
127	222	25.791542
258	222	7.222865
188	222	21.07159
145	222	25.6908
23	222	3.190272
117	223	86.966277
19	223	52.442878
4	224	56.968193
197	224	30.694087
290	225	248.111688
129	225	30.858471
71	225	17.802698
233	225	0.063428
85	226	48.226261
198	226	30.843644
87	227	36.513618
91	227	14.708846
226	228	46.172936
180	228	12.958901
23	229	32.841655
170	229	5.934625
229	230	187.368208
188	230	40.695899
92	230	30.934652
230	231	661.401645
87	232	17.820626
117	232	9.535934
223	232	35.969553
180	232	0.282644
219	233	17.535323
104	233	51.015238
206	233	9.553872
129	234	49.56003
280	234	5.919227
236	235	214.753056
284	235	14.38864
224	235	7.272963
24	236	209.726725
106	236	29.816637
267	237	39.842164
5	237	32.077122
79	238	18.588256
142	238	14.859261
75	238	3.327381
42	239	42.775375
46	239	16.191658
225	240	13.313859
234	240	46.847824
104	240	40.100903
57	241	79.020067
217	241	20.160313
223	242	47.946988
152	242	21.621355
117	242	12.950157
232	242	3.957489
251	243	12.557783
267	243	53.555185
261	243	16.117433
254	244	127.619036
127	245	70.579484
85	245	44.378948
240	246	48.551275
89	246	11.831696
280	246	1.11837
217	247	45.556395
9	247	97.201189
29	247	29.954428
154	248	210.401441
249	248	36.105283
80	248	22.9082
92	249	79.390417
143	249	28.263572
262	250	129.664233
172	250	93.288831
64	251	109.913009
189	251	33.623146
84	251	15.076029
153	252	158.047356
28	252	21.707127
41	252	6.579118
196	253	35.937001
201	253	21.511847
265	254	46.035498
172	254	14.948468
28	254	11.634383
143	255	1.487437
161	255	14.312555
11	255	9.836314
90	255	0.110793
207	256	34.117945
224	256	13.754667
23	257	107.925546
222	257	28.412672
150	258	465.109211
77	259	39.46271
153	259	30.138318
64	260	35.977136
292	260	20.08461
261	260	6.158419
66	261	126.054136
149	261	49.391255
199	262	46.449991
151	262	12.830093
277	263	141.396158
116	263	45.886997
78	264	56.706725
52	264	8.889737
42	265	108.782857
92	265	95.895043
28	266	84.863531
265	266	24.549796
164	267	21.143148
39	267	14.368061
150	268	103.494584
269	268	76.44437
294	269	101.355256
150	269	70.369381
224	270	140.01056
83	270	31.531061
90	270	17.315516
290	271	9.867324
89	271	18.946376
219	271	8.252987
273	272	36.132144
63	272	43.98505
90	272	18.803278
15	273	84.342377
259	273	25.747947
153	273	9.70111
145	274	3.385996
143	274	31.979092
73	274	23.052283
166	275	44.83997
294	275	51.141098
143	275	17.587262
272	276	251.983764
87	276	34.199849
65	276	55.558688
40	276	10.873564
119	277	23.992074
140	277	6.928603
103	277	24.892369
206	277	24.696732
284	277	10.166682
152	277	4.059911
25	278	6.174623
151	278	6.579879
120	278	3.025436
294	279	91.296894
219	280	67.171808
297	280	15.003025
113	280	5.044945
113	281	60.812624
211	281	90.569216
35	281	41.635846
275	282	14.294905
105	282	29.503776
187	282	3.513639
92	283	74.8765
265	283	25.522644
188	283	9.615176
29	284	188.567267
50	284	76.405272
120	284	12.975389
79	285	58.892969
52	285	34.328593
193	286	34.614253
92	287	19.735372
82	287	42.315835
77	287	8.116093
289	288	180.963667
83	288	6.71468
140	288	3.864083
83	289	89.871298
42	289	21.507277
97	289	16.077747
209	290	55.756157
219	290	50.018185
265	291	47.831605
62	291	30.105281
83	293	3.781702
289	293	8.874812
196	293	6.576887
132	294	152.160898
146	294	76.162734
186	295	19.821839
196	295	26.550684
267	295	6.709086
49	296	19.541228
294	296	32.259742
73	296	24.370489
227	297	103.176181
211	297	68.19547
113	298	12.73461
65	298	107.602229
58	298	19.199906
83	298	7.878611
87	299	139.345139
19	299	12.123762
223	299	10.091797
100	300	56.341041
89	300	58.832206
