1 2 3 4 5 6 7 8 9 10 11 12 13 14 15 16 17 18 19 20 21 22 23 24 25 26 27 28 29 30 31 32 33 34 35 36 37 38 39 40 41 42 43 44 45 46 47 48 49 50 51 52 53 54 55 56 57 58 59 60 61 62 63 64 65 66 67 68 69 70 71 72 73 74 75 76 77 78 79 80 81 82 83 84 85 86 87 88 89 90 91 92 93 94 95 96 97 98 99 100
-36 -29 45 19 14 2 23 -43 25 -48 33 -13 -39 -32 -42 25 -24 -27 17 -2 11 -1 26 15 -1 -8 6 26 32 -48 -1 -1 21 11 36 -1 20 -1 -1 -1 24 11 -1 36 -1 -1 -1 14 12 -1 -1 -1 -10 -1 -1 38 -1 -1 -1 -1 -1 -1 -1 47 -1 44 -14 -1 33 -1 14 -1 -24 -1 -1 -1 18 -1 -1 -1 -1 -39 -1 -1 13 -1 -1 -1 -1 -1 -1 -33 -1 -1 -1 -1 -1 -1 -1 -1
-4 -7 3 9 1 7 5 -6 1 -7 -1 -2 -7 -5 -7 1 -7 -7 0 -8 2 -46 1 0 -1 -8 0 5 1 -2 34 28 9 1 4 29 4 -23 41 -1 5 6 15 -1 -1 -36 -1 -1 9 38 -1 -1 -4 10 -1 -1 -45 -1 -1 -1 -1 -1 34 -1 -1 1 -1 -1 -1 31 0 22 -1 -1 10 -1 -1 -1 -1 -1 13 -1 -1 -1 -1 -1 40 -1 17 -1 -1 -1 -1 -1 -1 -1 -1 -1 -1 -1
-8 -14 6 18 2 14 10 -12 2 -14 9 -4 -14 -1 -14 -1 -1 -14 0 -16 4 -1 -1 0 46 -1 0 10 -1 -4 -1 5 18 2 -1 -1 8 -8 7 44 -1 -1 -1 9 -1 -1 -1 9 -1 -1 20 -28 -8 5 49 -1 -1 34 -1 12 -1 -1 0 -1 38 2 -1 -1 -1 -1 -1 1 -4 -26 -1 -1 -1 -1 -1 -1 9 -1 -1 -1 -1 -40 9 -1 -1 -1 -1 -1 -1 -1 -1 -1 -1 -1 -1 -1
-12 -21 9 27 3 21 15 -18 3 -21 18 -1 -21 -10 -21 2 -14 -1 0 -24 6 -2 2 -1 6 -16 0 15 2 -6 -1 10 27 -1 -1 -1 12 -1 -1 -1 10 12 0 -1 15 -1 -1 -1 -1 4 6 -1 -12 10 0 1 -1 3 -1 -1 -1 -32 -1 -1 -1 3 -1 31 3 -1 -1 -1 -8 -1 0 -1 -1 -1 -1 -1 -1 -1 -1 -1 5 -1 -1 -1 -1 -1 -1 -1 -1 -1 -1 -1 -1 -1 -1 -1
-16 -28 12 36 4 -1 20 -24 4 -28 27 -6 -28 -15 -28 3 -21 -21 -1 -32 8 -1 -1 0 -1 -24 0 -1 3 -8 0 15 36 3 -1 -1 -1 -16 14 0 -1 -1 0 -1 1 -1 -1 18 -1 8 -1 -1 -16 -1 0 -1 -4 -1 -1 0 -1 -1 -1 -1 1 4 -1 -1 6 -1 -1 -1 -1 -1 -1 -1 -1 -1 -1 -37 18 -1 -1 -49 10 -1 18 -1 -1 -1 -1 -1 -1 -1 -1 -1 -1 -1 -1 -1
-20 -35 -1 45 5 28 -1 -30 -1 -35 36 -8 -35 -20 -35 4 -28 -28 -1 -40 10 -3 3 0 12 -32 0 20 4 -10 0 20 -1 4 -1 -1 16 -24 21 -1 -1 18 0 -1 -1 -1 32 -1 -1 -1 12 -1 -1 15 -1 -1 -1 6 -1 0 -47 -1 0 1 -1 -1 -1 -1 -1 -1 0 -1 -1 -1 -1 -1 -1 30 -1 -1 27 -1 -1 -1 -1 -1 -1 -1 -1 48 -1 -1 -1 -1 -1 -1 -1 -1 -1 -1
-24 -42 15 54 6 35 25 -36 5 -42 45 -10 -1 -25 -42 5 -35 -35 0 -48 12 -4 -1 0 18 -40 0 25 -1 -1 -1 -1 45 5 8 7 20 -1 -1 0 15 -1 0 18 -1 -5 0 -1 18 12 18 -1 -1 -1 0 -1 -8 -1 18 0 -1 -1 0 -1 2 -1 -1 -1 9 -1 0 2 -12 -5 0 -1 -1 -1 -1 -1 -1 -1 -1 -1 -1 -1 -1 -1 -1 -1 -1 -1 -1 -1 -1 -1 -1 -1 -1 -1
-28 -49 18 63 -1 42 -1 -42 6 -49 54 -12 -42 -30 -49 6 -42 -42 -1 -1 14 -5 -1 0 24 -1 -1 -1 5 -12 0 25 54 -1 12 -1 24 -32 28 0 20 24 -1 27 2 -1 -1 -1 -1 -1 -1 -1 -1 -1 -1 -1 -1 9 2 0 -9 -1 -1 -1 3 5 -1 -1 12 -1 0 3 -1 -10 0 38 -1 -1 -1 -1 -1 -1 -1 -1 -1 -1 -1 -1 -1 -1 -1 -1 -1 17 -1 -1 -1 -1 -1 -1
-32 -56 21 72 7 49 30 -48 7 -56 63 -14 -49 -35 -56 7 -49 -49 0 -56 -1 -1 4 0 -1 -1 -1 30 -1 -14 0 30 63 6 16 -1 28 -40 35 0 25 -1 0 36 3 -10 -1 27 27 -1 -1 -4 -1 -1 0 2 -1 -1 -1 -1 -1 -1 -1 2 -1 -1 -8 -1 15 -1 -1 -1 -16 -1 -1 0 -1 -1 -1 -1 -1 -1 -1 -4 -1 -1 -1 -1 -1 -1 -1 -1 -1 -1 3 -1 -1 -1 -1 -1
-36 -63 24 81 8 56 35 -54 -1 -63 72 -1 -56 -40 -63 8 -56 -56 0 -64 -1 -1 -1 0 30 -1 0 35 6 -16 -1 -1 -1 -1 -1 14 -1 -48 42 0 30 30 0 45 -1 -15 -1 -1 -1 -1 -1 -8 -20 -1 0 3 -12 12 4 -1 -1 -1 -1 3 4 -1 -1 -1 -1 9 -1 -1 -1 -1 -1 -1 0 4 -1 -8 -1 -1 -1 -1 -1 -1 -1 -1 -1 -1 -1 -4 -1 -1 -1 -1 -1 -1 -1 -1
-40 -70 27 90 9 63 40 -1 8 -70 81 -16 -63 -45 -70 9 -63 -1 0 -72 16 -6 5 0 36 -48 0 -1 7 -18 0 -1 72 7 -1 -1 32 -1 49 0 -1 36 0 54 4 -20 -1 36 36 -1 -1 -12 -1 20 -1 4 -16 -1 -1 -1 -18 -1 -1 -1 -1 -1 -1 -1 -1 -1 -1 -1 -1 -1 -1 -1 -1 -1 -1 -1 -1 -1 -1 -1 -1 -1 -1 -1 -1 -1 -1 -1 35 -1 -1 -1 -1 -1 -1 -1
-44 -77 30 99 10 70 45 -60 -1 -77 90 -1 -70 -50 -77 10 -70 -1 -1 -80 -1 -7 -1 0 -1 -56 0 40 -1 -20 0 35 81 8 20 -1 -1 -1 56 -1 35 42 0 63 5 -1 0 -1 -1 16 -1 -1 -24 25 -1 5 -20 15 -1 0 -1 -1 -1 4 -1 -1 -1 3 -1 18 -1 4 -20 -1 -1 0 -1 -1 -1 -16 -1 -1 -1 -1 -1 -1 27 -1 -1 -1 -1 -1 -1 -1 -1 -1 -1 -1 -1 -1
-48 -84 33 108 11 77 50 -66 9 -84 99 -18 -77 -55 -84 -1 -77 -63 -1 -88 18 -8 6 -1 42 -64 0 45 -1 -22 0 40 -1 9 24 -1 36 -56 63 0 40 48 0 -1 -1 -25 0 45 -1 20 -1 -1 -28 -1 0 6 -24 18 6 0 -27 -1 0 5 5 -1 -1 6 -1 -1 0 -1 -1 -1 -1 -1 0 8 -1 -1 -1 -1 -1 -1 -1 -1 -1 -31 -1 -1 -1 -8 -1 -1 -1 -1 -1 -1 -1 -1
-52 -91 36 117 12 84 55 -72 10 -91 108 -20 -84 -60 -1 11 -1 -70 0 -1 20 -9 7 -1 48 -1 -1 50 8 -24 -1 45 90 10 28 -1 40 -1 70 0 45 54 0 -1 6 -1 0 -1 45 -1 24 -16 -32 -1 0 7 -28 -1 -1 -1 -1 -1 0 6 -1 6 -1 -1 -1 -1 -1 -1 -1 -15 -1 -1 -1 12 -1 -1 -1 -1 -1 -1 -1 -1 -1 -1 -1 3 -1 -1 -1 -1 -1 -1 -1 -1 -1 -1
-56 -98 39 126 13 91 60 -1 11 -98 117 -1 -91 -65 -91 -1 -84 -77 0 -96 22 -10 8 -1 54 -72 0 -1 9 -26 0 50 -1 -1 -1 21 44 -1 77 0 50 -1 0 -1 -1 -30 -1 -1 -1 24 -1 -20 -1 -1 0 -1 -32 21 -1 -1 -36 -1 -1 7 -1 7 -1 -1 18 27 0 -1 -1 -1 0 0 0 -1 -1 -1 -1 -9 -5 -1 -1 -1 -1 -1 -1 -1 -1 -1 -1 -1 -1 -1 -1 -1 -1 -1
-60 -105 42 135 14 98 65 -78 12 -105 126 -22 -98 -70 -98 12 -91 -84 0 -104 24 -1 9 0 -1 -80 -1 55 -1 -28 0 -1 99 11 32 -1 48 -1 -1 0 -1 -1 0 -1 7 -1 0 54 54 -1 -1 -24 -1 -1 -1 -1 -36 24 -1 -1 -45 -1 0 -1 -1 -1 -1 9 -1 36 -1 -1 -1 -1 0 -1 -1 -1 -1 -1 -1 -1 -8 -1 -1 -1 -1 -1 -1 -1 -1 -1 -1 -1 -1 -1 -1 -1 -1 -1
-64 -112 45 144 15 105 70 -84 -1 -112 135 -24 -105 -75 -105 13 -98 -91 0 -112 -1 -1 10 0 -1 -88 0 60 10 -30 -1 -1 -1 -1 36 28 52 -64 84 0 55 60 -1 72 -1 -1 -1 63 -1 -1 -1 -1 -36 30 0 -1 -1 -1 -1 0 -54 -1 0 8 -1 -1 -16 -1 -1 45 -1 -1 -1 -1 0 0 -1 -1 -1 -1 36 -1 -1 -1 -1 -1 -1 -1 -1 6 -1 -1 -1 -1 -1 -1 -1 -1 -1 -1
-68 -119 48 153 16 112 75 -90 13 -119 144 -26 -112 -80 -112 14 -1 -98 0 -120 26 -11 11 0 60 -96 0 65 11 -32 0 55 108 12 40 35 56 -1 91 -1 60 -1 0 81 -1 -1 0 72 63 28 -1 -28 -1 -1 0 -1 -40 27 8 -1 -1 -1 0 -1 6 -1 -1 12 21 -1 -1 5 -1 -1 0 -1 -1 -1 -1 -1 -1 -1 -1 -1 -1 -5 -1 -1 -1 -1 -1 -1 -1 -1 -1 -1 -1 -1 -1 -1
-72 -126 51 162 17 119 80 -96 14 -126 153 -28 -119 -85 -119 15 -105 -105 0 -128 28 -1 12 0 -1 -104 -1 70 12 -34 0 60 -1 -1 44 42 60 -72 98 -1 -1 -1 0 90 8 -35 -1 81 72 32 -1 -32 -1 -1 -1 -1 -44 -1 -1 -1 -63 -1 0 -1 7 -1 -1 -1 -1 -1 -1 -1 -24 -1 -1 0 -1 16 -1 -24 -1 -1 -16 -8 -1 -1 -1 -1 -1 -1 -1 -1 -1 -1 -1 -1 -1 -1 -1 -1
-76 -133 54 171 18 126 85 -102 15 -133 162 -30 -126 -90 -126 16 -112 -112 -1 -1 30 -12 13 0 66 -1 0 75 13 -36 0 65 117 13 48 49 64 -80 -1 -1 -1 66 0 99 -1 -1 0 -1 -1 -1 30 -1 -40 35 -1 -1 -48 30 -1 -1 -72 -1 -1 -1 8 8 -1 -1 -1 54 -1 6 -1 -1 -1 -1 -1 -1 -1 -32 -1 -1 -24 -1 -1 -1 -1 -1 -1 -1 -1 -1 -1 -1 -1 -1 -1 -1 -1 -1
-80 -140 57 180 19 133 90 -108 16 -140 171 -32 -133 -95 -1 17 -119 -119 0 -136 32 -13 14 0 -1 -1 0 80 14 -38 0 70 126 14 -1 56 68 -88 -1 0 -1 -1 0 108 -1 -1 0 -1 81 36 -1 -1 -44 40 0 -1 -1 -1 -1 -1 -81 -1 0 -1 -1 -1 -24 15 -1 -1 -1 -1 -1 -1 -1 -1 -1 -1 -1 -1 45 -1 -1 -12 -1 -1 -1 -1 -1 -1 -1 -1 -1 3 -1 -1 -1 -1 -1 -1
-84 -147 60 189 20 140 95 -114 17 -147 180 -34 -140 -1 -133 18 -126 -126 0 -1 34 -14 15 0 -1 -1 0 -1 15 -40 -1 75 135 15 52 -1 72 -96 105 0 65 72 0 117 -1 -40 -1 90 -1 40 -1 -36 -1 -1 -1 8 -1 -1 -1 -1 -1 -1 -1 9 -1 -1 -32 -1 -1 -1 0 -1 -1 -1 -1 -1 0 20 -32 -1 -1 -1 -1 -1 -1 -1 -1 -1 -1 -1 42 -1 -1 -1 -1 -1 -1 -1 -1 -1
-88 -154 63 -1 21 147 100 -120 18 -154 189 -36 -147 -100 -140 19 -133 -1 0 -144 -1 -15 16 0 72 -112 0 85 16 -1 0 -1 144 16 -1 -1 76 -104 112 0 -1 78 -1 126 9 -45 -1 99 90 -1 36 -1 -48 -1 0 -1 -52 33 -1 -1 -90 -1 0 -1 9 9 -1 -1 -1 63 -1 7 -1 -1 -1 0 -1 -1 -1 -1 -1 -1 -32 -1 -1 -1 -1 -1 -1 -1 -1 -1 -1 -1 -1 -1 -1 -1 -48 -1
-92 -161 66 198 22 154 105 -126 19 -161 198 -38 -154 -105 -147 20 -140 -133 0 -152 36 -1 -1 0 78 -120 0 -1 17 -42 0 -1 -1 17 56 63 80 -1 119 0 70 -1 0 -1 10 -50 0 108 -1 44 42 -40 -52 -1 -1 -1 -1 -1 -1 -1 -99 -1 -1 -1 10 -1 -40 -1 24 -1 -1 8 -1 -1 -1 -1 -1 -1 -1 -1 -1 -1 -1 -1 -1 -10 -1 -1 8 -1 -1 -1 -1 -1 -1 -1 -1 -1 -1 -1
-96 -168 69 207 23 161 110 -132 20 -168 207 -1 -1 -110 -154 21 -147 -140 0 -1 38 -16 17 -1 84 -1 0 90 18 -1 -1 80 153 -1 60 70 -1 -112 126 -1 75 84 -1 135 -1 -55 -1 -1 99 48 -1 -1 -1 45 -1 -1 -56 36 10 0 -1 -1 0 -1 -1 -1 -1 18 -1 72 -1 -1 -28 -1 -1 -1 0 24 -1 -1 -1 -1 -40 -1 15 -1 -1 -1 -1 -1 -1 -1 -1 -1 -1 -1 -1 -1 -1 -1
-100 -175 72 216 24 168 115 -138 21 -175 216 -40 -161 -115 -161 22 -154 -1 -1 -160 40 -17 18 0 90 -128 0 95 19 -1 0 85 162 18 -1 77 -1 -120 133 0 80 90 0 -1 -1 -60 0 117 -1 52 -1 -44 -1 50 0 -1 -60 -1 12 -1 -1 -2 -1 -1 -1 10 -48 -1 27 81 0 9 -1 -1 -1 0 -1 -1 -1 -1 54 -1 -1 -16 -1 -1 -1 -1 -1 -1 -1 -1 -1 -1 -1 -1 30 -1 -1 -1
-104 -182 75 225 25 175 120 -144 22 -182 -1 -42 -168 -120 -168 23 -161 -147 0 -168 42 -18 -1 0 96 -136 0 -1 20 -1 0 -1 -1 19 64 -1 -1 -1 -1 0 85 96 0 -1 -1 -65 -1 126 -1 56 -1 -48 -56 55 0 -1 -1 -1 -1 -1 -1 -1 0 10 -1 -1 -1 -1 30 -1 -1 -1 -32 -1 -1 -1 -1 28 -1 -1 63 -1 -1 -1 20 -1 -1 -1 -1 -1 -1 -1 -1 -1 -1 -1 -1 -1 -1 -1
-108 -189 78 234 26 182 125 -150 23 -189 225 -44 -175 -125 -175 24 -168 -154 0 -176 44 -1 19 0 102 -1 0 100 -1 -1 0 90 171 20 68 84 84 -128 140 -1 -1 102 0 144 -1 -1 -1 -1 108 60 48 -52 -1 60 -1 9 -64 39 -1 0 -1 -1 -1 -1 -1 11 -56 -1 -1 -1 0 10 -1 -1 -1 0 -1 -1 -4 -1 -1 -1 -1 -1 -1 -1 -1 -1 -1 -1 -1 -1 -1 -1 -1 -1 -1 -1 -1 -1
-112 -196 81 243 27 189 130 -156 24 -1 -1 -46 -182 -1 -182 25 -175 -161 0 -184 46 -19 20 -1 108 -144 -1 105 21 -44 0 95 180 21 72 91 88 -136 147 -1 90 -1 -1 -1 11 -70 0 135 117 64 54 -56 -60 -1 -1 -1 -68 -1 14 0 -1 -1 0 11 11 -1 -64 -1 -1 90 -1 -1 -1 -1 -1 -1 -1 -1 -1 -1 -1 -18 -1 -1 -1 -1 -1 -1 -1 -1 -1 -1 -1 -1 -1 -1 -1 -1 -1 -1
-116 -203 84 252 28 196 135 -162 25 -196 234 -48 -189 -1 -1 26 -1 -168 -1 -192 48 -1 21 0 114 -152 -1 -1 22 -46 0 -1 189 -1 76 98 -1 -144 154 -1 95 -1 -1 -1 -1 -1 -1 144 -1 -1 60 -60 -1 -1 -1 10 -1 42 -1 -1 -1 -3 -1 12 12 -1 -1 -1 -1 99 -1 -1 -1 -1 0 -1 -1 -1 -8 -1 72 -1 -1 -1 -1 -1 -1 -1 -1 -1 -1 -1 -1 -1 -1 -1 -1 -1 -1 -1
-120 -210 87 261 29 203 140 -168 26 -203 243 -50 -196 -130 -189 27 -182 -1 -1 -200 50 -20 22 0 120 -160 0 -1 23 -48 -1 100 198 22 80 105 92 -152 -1 0 -1 108 0 -1 -1 -75 0 -1 -1 -1 66 -64 -64 65 -1 -1 -1 45 16 -1 -108 -4 -1 -1 -1 -1 -1 -1 -1 -1 -1 11 -1 -20 -1 -1 -1 32 -12 -1 -1 -1 -1 -20 -1 -1 -1 -1 16 -1 0 -1 -1 -1 -1 -1 -1 -1 -1 -1
-124 -217 90 270 30 210 145 -174 27 -210 252 -1 -203 -135 -196 28 -189 -175 0 -208 -1 -21 -1 0 126 -168 -1 110 24 -50 0 105 -1 23 84 112 -1 -160 -1 0 -1 114 -1 -1 -1 -1 -1 153 126 -1 72 -1 -1 -1 -1 -1 -72 48 18 -1 -1 -1 -1 -1 -1 12 -1 -1 33 -1 -1 12 -1 -1 -1 -1 -1 -1 -16 -40 -1 -1 -1 -1 -1 -1 -1 -1 -1 -1 -1 -1 -1 -1 -1 -1 -1 -1 -1 -1
-128 -224 93 279 31 217 150 -180 28 -217 261 -1 -210 -140 -203 29 -196 -182 -1 -216 -1 -22 23 0 132 -176 0 115 25 -52 -1 110 207 24 88 -1 96 -1 161 0 100 120 0 -1 12 -1 -1 -1 135 -1 -1 -1 -1 -1 0 11 -76 51 20 -1 -117 -1 -1 -1 -1 -1 -72 -1 36 -1 -1 -1 -36 -1 0 0 -1 -1 -1 -48 -1 -1 -1 -1 -1 -1 -1 -1 -1 -1 -1 -1 -1 -1 -1 -1 -1 -1 -1 -1
-132 -231 96 288 32 224 155 -186 29 -224 270 -52 -217 -145 -1 30 -203 -189 -1 -224 -1 -1 24 -1 -1 -184 0 -1 -1 -1 0 -1 -1 25 92 119 100 -168 168 -1 -1 -1 0 -1 13 -80 -1 -1 144 -1 78 -1 -1 -1 -1 12 -1 54 -1 0 -1 -5 0 -1 -1 -1 -1 -1 39 -1 -1 -1 -1 -1 -1 -1 0 -1 -20 -1 -1 -1 -1 -1 -1 -1 -1 -1 -1 9 -1 -1 -1 -1 -1 -1 -1 -1 -1 19
-136 -238 99 297 33 231 160 -192 30 -1 279 -54 -224 -150 -210 31 -210 -196 0 -232 52 -23 25 0 138 -192 0 -1 26 -54 -1 -1 216 -1 96 -1 104 -176 175 -1 105 126 -1 -1 14 -1 0 162 153 68 -1 -1 -1 70 0 13 -80 57 22 0 -1 -1 -1 13 -1 -1 -1 -1 -1 108 -1 13 -1 -25 -1 0 -1 36 -1 -1 81 -1 -48 -1 -1 -1 -1 -1 -1 -1 -1 -1 -1 -1 -1 -1 -1 -1 -1 -1
-140 -245 102 306 34 238 165 -198 31 -231 288 -56 -231 -1 -217 32 -217 -203 0 -1 54 -24 26 0 144 -1 0 120 27 -56 0 115 225 -1 100 126 108 -184 182 0 110 -1 -1 153 -1 -85 -1 171 162 72 -1 -1 -1 -1 -1 -1 -84 60 24 0 -126 -1 -1 14 13 -1 -80 -1 42 -1 -1 14 -1 -1 -1 -1 0 -1 -1 -1 -1 -1 -1 -1 -1 -1 -1 -1 -1 -1 -1 -1 -1 6 -1 -1 4 -1 -1 -1
-144 -252 105 315 35 245 170 -204 32 -238 297 -58 -238 -155 -224 -1 -224 -1 0 -240 56 -25 -1 0 150 -200 -1 125 -1 -58 -1 120 234 -1 -1 133 -1 -1 189 -1 115 132 -1 162 15 -90 0 -1 -1 76 -1 -68 -68 75 0 -1 -1 63 26 -1 -1 -1 -1 -1 -1 -1 -1 -1 -1 -1 -1 -1 -1 -30 -1 -1 -1 -1 -1 -56 -1 -1 -1 -1 25 -1 36 -1 -1 -1 -1 -1 -1 -1 -1 -1 -1 -1 -1 -1
-148 -259 108 324 36 252 175 -210 33 -245 306 -60 -245 -1 -231 33 -231 -210 0 -248 58 -26 27 0 156 -1 0 130 28 -1 0 125 243 26 104 140 112 -192 196 -1 -1 138 0 -1 -1 -95 0 -1 171 -1 -1 -72 -72 80 0 14 -1 66 -1 0 -1 -1 -1 15 -1 -1 -88 -1 -1 117 0 -1 -40 -1 0 -1 -1 40 -1 -1 -1 -27 -56 -1 -1 -1 -1 -1 -1 -1 -1 -1 -1 -1 -1 -1 -1 -1 -1 -1
-152 -266 111 333 37 259 180 -216 34 -252 315 -62 -252 -160 -238 34 -238 -1 0 -256 60 -27 28 0 162 -208 0 135 29 -60 0 130 -1 -1 -1 147 116 -200 203 0 -1 144 -1 -1 16 -1 0 -1 180 80 -1 -1 -1 -1 0 -1 -1 69 -1 -1 -1 -6 -1 -1 14 -1 -1 -1 45 -1 0 -1 -1 -35 0 0 -1 -1 -1 -1 90 -1 -1 -1 -1 -1 45 -1 24 -1 0 -1 -1 -1 -1 -1 -1 -1 -1 -1
-156 -273 114 342 38 266 185 -222 35 -259 324 -64 -259 -165 -1 -1 -245 -217 0 -1 62 -28 29 0 168 -216 0 -1 30 -62 0 135 252 27 108 154 120 -1 210 -1 120 -1 0 -1 17 -1 -1 180 -1 -1 84 -1 -1 85 0 15 -1 -1 28 0 -1 -7 -1 16 -1 -1 -96 21 -1 -1 -1 -1 -1 -40 -1 -1 -1 -1 -1 -1 -1 -1 -1 -1 -1 -1 54 -1 -1 -1 -1 -1 -1 -1 3 -1 -1 -1 -1 -1
-160 -280 117 351 39 273 190 -228 36 -266 333 -1 -1 -170 -1 35 -252 -224 0 -1 64 -29 30 0 174 -224 -1 140 31 -64 0 -1 261 28 112 161 124 -208 217 0 -1 -1 0 171 -1 -100 0 189 189 84 90 -1 -1 -1 0 -1 -1 72 30 -1 -1 -8 -1 17 -1 13 -1 -1 48 -1 -1 -1 -1 -45 -1 -1 0 44 -1 -1 -1 -1 -64 -1 -1 -1 -1 -1 -1 -1 -1 -1 -1 -1 -1 -1 -1 -1 -1 -1
-164 -287 120 360 40 280 195 -234 37 -273 342 -66 -266 -175 -245 -1 -259 -1 0 -264 -1 -30 31 0 180 -1 -1 145 32 -66 -1 -1 270 -1 -1 168 -1 -1 224 0 125 -1 -1 180 18 -105 0 198 -1 88 96 -76 -1 -1 -1 -1 -88 75 32 -1 -135 -9 0 18 -1 14 -1 -1 51 -1 -1 -1 -1 -1 -1 -1 0 -1 -1 -64 -1 -1 -72 -1 -1 -1 -1 -1 -1 -1 0 -1 -1 -1 -1 -1 -1 -1 -1 -1
-168 -294 123 369 41 287 200 -240 38 -1 351 -68 -273 -180 -1 36 -266 -231 -1 -272 66 -1 32 -1 186 -1 -1 150 33 -68 0 140 -1 29 -1 175 128 -216 -1 -1 130 150 0 189 19 -110 -1 -1 -1 92 102 -1 -76 90 0 16 -1 78 34 -1 -1 -1 0 -1 -1 15 -1 -1 54 -1 -1 -1 -1 -1 -1 -1 0 48 -24 -1 -1 -1 -1 -1 -1 -1 -1 -1 -1 -1 -1 -1 -1 -1 6 -1 -1 -1 -1 -1
-172 -301 126 378 42 294 205 -246 39 -280 360 -70 -280 -185 -252 37 -273 -238 0 -280 68 -31 -1 0 192 -1 -1 155 34 -1 -1 145 279 30 -1 182 -1 -224 231 -1 135 -1 -1 198 -1 -1 0 -1 198 96 -1 -80 -80 95 0 -1 -1 -1 -1 -1 -144 -1 -1 -1 -1 16 -1 -1 -1 -1 -1 -1 -44 -1 -1 0 -1 -1 -1 -1 -1 -1 -1 -1 -1 -1 -1 -1 -1 -1 -1 -12 -1 -1 -1 -1 -1 -1 -1 -1
-176 -308 129 387 43 301 210 -252 40 -287 369 -72 -287 -190 -259 38 -280 -245 -1 -288 70 -32 33 0 198 -232 0 160 35 -70 0 -1 -1 -1 116 -1 -1 -232 238 -1 -1 156 -1 -1 20 -115 -1 -1 -1 -1 -1 -1 -84 100 0 17 -1 81 -1 -1 -1 -1 0 19 -1 -1 -1 -1 57 -1 -1 -1 -1 -1 0 -1 -1 -1 -1 -72 99 -1 -1 -1 -1 -1 -1 -1 -1 12 -1 -1 -1 -1 -1 -1 -1 -1 -1 -1
-180 -315 132 396 44 308 215 -258 41 -1 378 -74 -1 -195 -266 39 -287 -252 0 -1 72 -33 34 0 204 -1 -1 165 36 -72 0 150 288 31 -1 -1 -1 -1 -1 0 140 -1 0 207 21 -120 -1 -1 207 100 -1 -84 -1 105 -1 -1 -1 -1 -1 0 -153 -1 0 -1 15 17 -1 24 -1 126 -1 -1 -1 -1 -1 -1 -1 -1 -1 -1 -1 -1 -1 -1 -1 -1 63 -1 -1 -1 -1 -1 -1 -1 -1 -1 -1 -1 -1 -1
-184 -322 135 405 -1 -1 220 -264 42 -294 387 -1 -294 -200 -273 40 -294 -259 0 -296 74 -34 35 0 210 -240 0 -1 37 -74 -1 155 297 32 120 189 132 -1 -1 0 145 162 -1 216 22 -1 -1 207 -1 104 -1 -88 -1 -1 -1 -1 -1 84 36 0 -1 -10 0 -1 16 18 -104 -1 -1 -1 -1 -1 -1 -1 -1 -1 -1 -1 -1 -1 -1 -1 -80 -24 -1 -1 -1 -1 -1 -1 -1 -16 -1 -1 9 -1 8 -1 -1 -1
-188 -329 138 414 45 315 -1 -270 43 -301 396 -76 -301 -205 -280 41 -1 -266 -1 -1 76 -35 36 0 -1 -248 -1 -1 38 -1 -1 160 306 33 -1 -1 136 -1 -1 -1 150 -1 -1 225 -1 -1 -1 -1 216 108 108 -92 -1 -1 -1 -1 -1 -1 38 -1 -162 -1 -1 20 17 -1 -1 27 -1 135 -1 15 -1 -1 -1 0 -1 -1 -28 -80 -1 -1 -1 -1 -1 -1 -1 -6 -1 -1 -1 -1 -1 9 -1 -1 -1 -1 -1 -1
-192 -336 141 423 46 322 225 -276 -1 -308 -1 -1 -308 -210 -287 42 -301 -273 0 -304 78 -36 37 0 -1 -256 -1 -1 -1 -1 -1 165 -1 34 124 -1 140 -1 245 -1 -1 168 -1 -1 -1 -125 0 216 225 -1 -1 -1 -1 110 -1 18 -92 87 -1 -1 -171 -11 0 21 -1 -1 -1 -1 60 -1 0 -1 -1 -1 -1 -1 0 52 -1 -1 -1 -36 -1 -1 -1 -1 -1 -12 -1 -1 -1 -1 -1 12 -1 -1 -1 -1 -1 -1
-196 -343 144 432 47 329 230 -1 44 -315 405 -78 -1 -215 -294 43 -1 -280 0 -312 80 -37 38 0 216 -264 0 170 39 -76 0 170 -1 35 128 196 -1 -240 252 0 -1 -1 -1 234 23 -130 0 -1 234 112 114 -1 -1 115 0 -1 -1 90 40 0 -1 -12 0 -1 18 19 -1 30 -1 -1 -1 -1 -1 -1 -1 0 0 -1 -1 -88 108 -1 -1 -1 -1 -1 72 -1 -1 -1 -1 -1 -1 -1 -1 -1 -1 -1 -1 -1
-200 -350 147 441 48 336 235 -282 45 -322 414 -80 -315 -220 -301 44 -308 -287 -1 -320 -1 -38 39 0 222 -272 0 175 -1 -1 0 175 -1 -1 132 203 -1 -248 -1 0 155 174 -1 243 24 -135 -1 225 -1 116 120 -96 -1 120 -1 -1 -1 -1 -1 -1 -1 -1 -1 22 -1 -1 -1 -1 63 144 0 16 -48 -1 -1 -1 -1 -1 -1 -1 117 -1 -88 -28 30 -1 -1 -1 -1 15 -1 -1 -1 -1 -1 -1 -1 -1 -1 -1
-204 -357 150 450 49 343 240 -1 46 -329 423 -82 -322 -225 -308 45 -315 -1 0 -1 82 -39 -1 0 228 -280 0 180 40 -78 -1 180 -1 36 136 210 -1 -256 -1 0 160 -1 -1 252 -1 -140 0 234 243 120 126 -100 -1 125 -1 -1 -1 93 42 0 -1 -13 -1 -1 -1 20 -112 -1 -1 -1 0 17 -52 -1 -1 -1 0 -1 -1 -1 -1 -45 -1 -32 -1 -1 -1 -1 -1 -1 -1 -1 -1 -1 12 -1 -1 -1 -1 -1
-208 -364 153 459 50 350 245 -1 -1 -1 432 -84 -1 -230 -315 46 -322 -1 0 -1 84 -40 40 0 234 -1 -1 185 41 -80 0 185 315 37 140 217 144 -1 259 0 165 180 0 -1 25 -1 -1 243 252 -1 -1 -104 -1 -1 -1 19 -96 96 -1 -1 -180 -14 -1 -1 19 -1 -120 -1 66 153 -1 -1 -1 -1 0 -1 -1 56 -1 -1 -1 -54 -1 -1 35 -1 -1 -1 -1 -1 -1 -1 -1 -1 -1 -1 -1 -1 -1 -1
-212 -371 156 468 -1 357 250 -288 47 -336 -1 -86 -329 -235 -322 47 -329 -294 0 -1 -1 -41 41 -1 240 -288 0 190 42 -82 0 -1 -1 38 -1 -1 -1 -1 266 0 170 186 0 -1 26 -145 -1 -1 261 124 -1 -1 -88 -1 -1 -1 -1 -1 44 0 -1 -15 -1 -1 -1 21 -1 -1 -1 -1 -1 18 -1 -50 -1 -1 -1 -1 -1 -1 -1 -1 -1 -1 -1 -1 -1 -1 -1 -1 -1 -1 -1 -1 -1 -1 -1 -1 -1 -1
-216 -378 159 477 51 364 255 -294 48 -343 441 -88 -336 -1 -329 48 -336 -301 0 -328 86 -1 42 -1 -1 -296 0 195 43 -84 0 190 324 39 144 224 -1 -264 273 0 175 -1 -1 261 -1 -1 0 -1 270 128 132 -1 -92 -1 -1 20 -1 99 46 -1 -1 -16 0 -1 20 22 -128 -1 -1 -1 -1 -1 -56 -55 -1 0 0 -1 -32 -1 -1 -1 -1 -1 -1 -15 -1 -1 -1 18 -1 -1 -1 -1 -1 -1 -1 -1 -1 -1
-220 -385 162 486 52 371 260 -300 49 -350 -1 -90 -343 -240 -336 49 -343 -308 0 -336 -1 -42 43 0 246 -304 0 -1 -1 -86 0 195 333 40 148 -1 148 -1 280 -1 -1 -1 0 -1 -1 -1 -1 -1 -1 -1 -1 -108 -1 -1 -1 -1 -100 -1 -1 0 -1 -17 -1 -1 21 -1 -1 33 -1 162 -1 19 -1 -1 -1 0 -1 -1 -36 -1 -1 -1 -1 -1 -1 -1 -1 -1 -1 -1 0 -1 -1 -1 -1 -1 -1 -1 -1 -1
-224 -392 165 495 53 378 265 -306 50 -357 450 -92 -350 -245 -343 50 -1 -315 0 -344 -1 -43 -1 -1 252 -312 0 200 44 -88 -1 200 342 41 -1 231 -1 -272 -1 0 180 -1 -1 -1 27 -150 -1 -1 -1 -1 -1 -112 -96 130 -1 21 -1 102 -1 0 -1 -1 -1 -1 -1 23 -136 36 -1 -1 -1 -1 -1 -60 -1 -1 0 -1 -1 -1 -1 -1 -1 -1 -1 -1 -1 -18 -1 -1 -1 -1 -1 -1 -1 -1 -1 -1 -1 -1
-228 -399 168 504 54 385 270 -312 51 -364 459 -94 -357 -250 -1 51 -350 -322 0 -352 -1 -44 -1 0 258 -1 -1 -1 45 -90 0 -1 351 42 152 238 -1 -280 -1 -1 -1 -1 0 -1 28 -1 0 252 -1 132 -1 -1 -1 135 0 -1 -1 105 48 0 -189 -1 -1 -1 -1 24 -144 -1 69 171 0 -1 -60 -1 0 -1 -1 60 -1 -1 126 -1 -96 -1 -1 -1 -1 -1 -1 -1 -1 -1 -1 -1 -1 27 -1 -1 -1 -1
-232 -406 171 513 55 392 275 -318 52 -371 -1 -96 -364 -255 -1 52 -1 -1 0 -360 88 -45 44 0 -1 -320 0 -1 46 -92 -1 -1 360 -1 156 -1 152 -288 287 0 185 192 0 -1 29 -155 -1 261 -1 136 138 -116 -100 -1 0 -1 -1 -1 -1 0 -1 -18 -1 -1 -1 25 -1 -1 -1 -1 -1 -1 -1 -1 -1 -1 -1 -1 -1 -1 -1 -1 -1 -1 -1 -1 -1 -1 32 -1 -1 -1 -1 -1 -1 -1 -1 -1 -1 -1
-236 -413 174 522 56 399 280 -324 53 -378 468 -98 -371 -260 -350 53 -357 -329 0 -368 90 -46 45 0 264 -1 0 205 47 -94 -1 205 -1 43 -1 -1 156 -296 294 0 190 -1 -1 270 30 -160 -1 270 279 140 -1 -1 -1 -1 -1 -1 -104 -1 -1 0 -198 -1 -1 23 -1 26 -152 -1 -1 180 -1 -1 -1 -1 -1 -1 -1 -1 -1 -1 -1 -1 -1 -36 -1 -1 -1 -1 -1 -1 0 -1 -1 -1 -1 -1 -1 -1 -1 -1
-240 -420 177 531 57 406 285 -330 54 -1 477 -1 -378 -265 -357 54 -364 -336 0 -1 -1 -47 -1 0 270 -328 0 210 48 -96 0 210 369 44 -1 245 160 -304 301 -1 -1 -1 -1 -1 -1 -165 -1 -1 -1 144 -1 -120 -1 140 -1 22 -1 -1 50 0 -1 -1 0 24 22 -1 -160 -1 -1 189 0 -1 -1 -65 0 0 0 -1 -1 -1 -1 -63 -1 -40 -1 -20 -1 -1 40 -1 -1 -1 0 -1 -1 -1 -1 -1 -1 -1
-244 -427 180 540 58 413 290 -336 -1 -1 486 -100 -385 -270 -364 55 -1 -343 0 -376 92 -48 46 0 276 -336 -1 215 -1 -1 0 215 378 -1 160 252 164 -1 308 0 -1 -1 -1 279 31 -1 0 -1 288 148 -1 -124 -1 145 -1 23 -108 -1 -1 -1 -207 -19 -1 -1 -1 27 -1 39 -1 -1 -1 -1 -1 -1 -1 -1 -1 -1 -40 -1 -1 -1 -1 -44 -1 -1 -1 -1 -1 -1 -1 -1 -1 -1 -1 -1 -1 -1 -1 -1
-248 -434 183 549 59 420 295 -342 55 -385 495 -102 -392 -275 -371 -1 -371 -350 0 -384 94 -49 47 0 -1 -344 0 -1 49 -98 -1 220 -1 45 164 259 -1 -1 -1 -1 195 -1 0 -1 -1 -170 0 -1 297 152 -1 -1 -1 -1 -1 -1 -112 108 52 -1 -216 -20 0 -1 -1 28 -1 -1 -1 198 -1 -1 -1 -1 -1 -1 0 -1 -1 -96 -1 -72 -1 -1 -1 -1 -1 -1 -1 -1 -1 -1 -1 -1 -1 -1 -1 -1 -1 -1
-252 -441 186 558 60 427 300 -348 56 -392 504 -104 -399 -280 -378 -1 -378 -357 0 -392 96 -1 48 0 282 -1 -1 -1 50 -100 -1 225 387 46 168 266 168 -312 315 -1 -1 198 -1 -1 -1 -175 -1 279 306 -1 -1 -1 -104 -1 0 -1 -1 -1 54 -1 -225 -1 -1 -1 -1 29 -1 -1 -1 -1 -1 -1 -1 -1 0 0 -1 -1 -1 -104 -1 -81 -1 -1 -1 -1 -1 -1 -1 21 0 -1 -1 -1 -1 -1 -1 -1 -1 -1
-256 -448 189 567 61 -1 305 -354 57 -1 513 -1 -406 -1 -385 56 -385 -364 0 -400 98 -50 49 -1 288 -352 0 -1 51 -1 0 230 396 47 172 273 -1 -1 322 0 -1 204 -1 288 -1 -180 -1 -1 -1 156 144 -128 -108 -1 0 -1 -116 111 -1 -1 -234 -1 -1 25 -1 -1 -1 -1 -1 -1 -1 -1 -1 -1 -1 0 -1 -1 -44 -112 -1 -1 -1 -1 -1 -1 -1 -1 -1 -1 -1 -1 -1 -1 -1 -1 -1 -1 -1 -1
-260 -455 192 576 62 434 310 -360 58 -399 522 -106 -413 -285 -392 57 -392 -371 0 -1 100 -51 50 0 294 -1 0 220 52 -102 -1 235 405 48 176 -1 172 -320 329 -1 200 -1 -1 297 32 -1 0 -1 -1 160 -1 -1 -1 150 -1 24 -120 -1 -1 -1 -243 -1 -1 -1 -1 -1 -1 42 72 207 -1 -1 -64 -1 0 -1 -1 -1 -1 -1 -1 -1 -1 -48 -1 -1 81 -1 -1 -1 -1 -1 -1 -1 -1 -1 -1 -1 -1 -1
-264 -462 195 585 63 441 315 -366 59 -406 531 -108 -420 -290 -399 58 -399 -378 0 -408 102 -52 -1 0 300 -360 0 225 53 -104 0 240 414 -1 180 280 176 -328 -1 0 205 210 0 306 33 -185 0 288 -1 164 -1 -1 -112 155 0 -1 -124 114 56 -1 -252 -21 0 -1 23 30 -1 45 -1 -1 -1 -1 -1 -1 -1 -1 -1 64 -1 -1 -1 -1 -1 -1 40 -25 -1 -1 -1 -1 -1 -1 -1 15 -1 -1 -1 -1 -1 -1
-268 -469 198 594 64 448 320 -1 60 -413 540 -1 -427 -295 -406 59 -1 -385 0 -416 104 -53 51 0 306 -368 0 -1 54 -1 0 245 -1 49 -1 287 -1 -1 336 0 -1 216 -1 315 34 -190 -1 297 315 168 -1 -132 -1 -1 0 -1 -1 -1 58 0 -1 -22 -1 26 24 31 -168 -1 75 -1 -1 -1 -1 -70 -1 -1 -1 -1 -48 -1 -1 -1 -1 -1 45 -1 -1 -1 -1 -1 -1 -1 -1 -1 -1 -1 -1 -1 -1 -1
-272 -476 201 603 65 455 325 -372 61 -1 549 -110 -434 -300 -1 60 -1 -392 0 -424 106 -54 -1 0 -1 -376 0 230 55 -106 0 -1 -1 -1 -1 294 -1 -1 343 0 -1 222 0 324 35 -195 0 306 324 172 -1 -136 -116 -1 0 -1 -1 -1 -1 -1 -261 -1 -1 27 -1 -1 -176 48 -1 -1 -1 -1 -1 -75 -1 -1 0 -1 -1 -1 -1 -90 -104 -1 -1 -1 -1 -1 -1 -1 -1 -1 -1 -1 -1 -1 -1 -1 -1 -1
-276 -483 204 612 66 462 330 -378 62 -420 558 -112 -441 -305 -1 61 -406 -399 0 -432 108 -55 -1 0 312 -384 0 235 56 -1 0 -1 423 -1 184 -1 -1 -336 -1 0 -1 228 -1 333 36 -200 -1 -1 333 176 150 -140 -120 160 -1 25 -128 -1 -1 -1 -270 -23 0 -1 -1 -1 -1 -1 -1 -1 -1 20 -68 -80 -1 -1 -1 -1 -1 -120 -1 -1 -112 -1 50 -1 -1 -1 -1 -1 -1 -1 -1 -1 -1 -1 -1 -1 -1 -1
-280 -490 207 621 67 469 335 -384 63 -427 567 -1 -448 -310 -413 62 -1 -406 0 -440 110 -56 -1 0 318 -392 0 240 57 -1 0 -1 432 50 188 -1 -1 -344 350 -1 -1 -1 -1 -1 -1 -205 -1 -1 -1 -1 156 -1 -1 -1 -1 26 -132 -1 -1 -1 -279 -1 0 28 -1 -1 -184 -1 -1 -1 0 21 -1 -1 0 -1 -1 -1 -1 -1 135 -99 -1 -52 -1 -1 -1 -1 -1 -1 -1 -1 -1 -1 -1 -1 -1 -1 -1 -1
-284 -497 210 630 68 476 340 -390 64 -1 -1 -1 -455 -315 -420 63 -413 -413 -1 -448 112 -57 52 0 324 -400 0 245 -1 -108 -1 250 441 -1 192 301 180 -352 357 -1 -1 234 0 -1 -1 -1 0 315 342 180 162 -1 -1 -1 -1 -1 -136 -1 -1 -1 -288 -1 0 -1 -1 -1 -192 51 -1 -1 -1 22 -72 -1 -1 0 -1 -1 -1 -1 -1 -1 -1 -1 -1 -1 -1 -1 -1 -1 -1 -1 -1 -1 -1 2 -1 -1 -1 -1
-288 -504 213 639 69 483 -1 -396 65 -1 576 -114 -462 -320 -427 -1 -420 -1 0 -456 114 -58 53 -1 330 -408 0 250 58 -110 0 255 450 51 -1 308 184 -360 364 0 -1 240 0 342 37 -1 0 -1 351 184 -1 -1 -124 -1 -1 27 -1 117 -1 -1 -297 -1 -1 -1 25 -1 -1 -1 -1 216 -1 -1 -76 -1 -1 -1 -1 -1 -1 -1 144 -1 -120 -1 -1 -1 -1 -1 -1 24 -1 -1 -1 -1 -1 -1 -1 -1 -1 -1
-292 -511 216 648 70 490 345 -402 66 -434 585 -116 -469 -325 -434 -1 -427 -420 0 -464 116 -59 -1 0 336 -416 0 255 59 -112 0 260 -1 -1 196 -1 -1 -1 371 0 210 -1 0 -1 38 -1 -1 -1 360 -1 -1 -1 -1 165 0 -1 -1 -1 60 -1 -1 -1 0 29 26 -1 -1 -1 -1 -1 -1 23 -1 -1 -1 0 -1 -1 -1 -1 -1 -1 -1 -1 -1 -1 -1 -24 -1 -1 -1 -1 0 -1 15 -1 -1 -1 -1 -1
-296 -518 219 657 71 497 350 -408 67 -441 594 -118 -476 -330 -441 64 -434 -427 0 -472 -1 -60 -1 -1 342 -1 0 260 60 -114 -1 265 459 -1 -1 315 -1 -368 378 0 215 246 0 351 39 -210 -1 -1 -1 -1 -1 -144 -128 -1 -1 -1 -140 -1 62 0 -1 -1 -1 -1 -1 32 -200 54 -1 -1 -1 24 -80 -1 -1 -1 -1 -1 -1 -1 -1 -108 -1 -1 -1 -30 -1 -1 -1 -1 -1 -1 -1 -1 -1 -1 -1 -1 -1 5
-300 -525 222 666 -1 504 355 -414 68 -448 603 -120 -483 -335 -448 65 -441 -434 -1 -480 118 -61 54 0 -1 -424 0 265 61 -116 0 270 468 -1 200 322 -1 -376 385 -1 220 252 0 360 40 -1 -1 -1 369 188 -1 -148 -1 -1 0 -1 -1 120 -1 0 -306 -1 -1 -1 27 33 -1 -1 -1 -1 -1 -1 -1 -1 -1 0 -1 -1 -1 -1 -1 -1 -1 -1 -1 -1 -1 -1 -1 -1 -1 -1 -1 18 18 -1 -1 -1 -1 -1
-304 -532 225 675 72 511 360 -420 69 -455 612 -122 -490 -340 -455 66 -448 -441 0 -488 -1 -62 55 0 -1 -432 0 270 62 -118 0 275 -1 52 204 329 188 -1 392 -1 225 -1 0 -1 41 -215 -1 324 -1 192 168 -152 -132 170 0 28 -1 123 -1 -1 -1 -1 -1 -1 28 -1 -1 57 -1 -1 -1 25 -1 -85 -1 0 0 -1 -52 -1 -1 -1 -1 -1 -1 -1 -1 -1 48 -1 -1 -1 -1 -1 21 -1 -1 3 -1 -1
-308 -539 228 684 73 518 365 -426 70 -462 621 -124 -497 -1 -462 67 -455 -448 -1 -496 120 -63 56 0 348 -440 0 275 63 -1 -1 -1 -1 53 -1 -1 192 -1 399 0 -1 258 0 369 -1 -1 0 -1 378 196 174 -156 -1 -1 0 29 -1 -1 -1 -1 -1 -24 -1 -1 29 34 -1 -1 -1 225 0 -1 -84 -1 -1 -1 -1 68 -1 -1 -1 -1 -1 -1 -1 -35 -1 -1 -1 -1 -1 -20 -1 21 -1 -1 -1 1 -1 -1
-312 -546 231 693 74 525 370 -432 71 -469 630 -126 -1 -345 -469 -1 -1 -455 -1 -504 -1 -64 -1 0 354 -448 -1 280 64 -1 -1 280 477 54 -1 336 196 -384 406 0 -1 -1 0 -1 42 -1 -1 -1 387 200 180 -1 -1 175 -1 30 -1 -1 -1 -1 -1 -1 0 30 30 35 -1 60 -1 234 0 26 -1 -1 -1 0 -1 -1 -1 -1 -1 -1 -1 -56 55 -1 90 -1 -1 -1 -1 -1 -1 -1 -1 -1 -1 -1 -1 -1
-316 -553 234 702 75 532 -1 -438 72 -476 639 -1 -504 -350 -476 68 -462 -462 -1 -512 -1 -65 57 0 360 -456 0 285 -1 -120 0 -1 486 55 208 343 200 -392 413 -1 230 264 -1 378 43 -1 -1 333 396 204 -1 -1 -136 180 -1 -1 -1 -1 64 -1 -315 -25 0 -1 -1 -1 -1 63 -1 -1 0 -1 -1 -1 -1 -1 0 72 -1 -1 -1 -1 -1 -1 -1 -1 -1 -1 56 27 -1 -24 -1 -1 -1 -1 -1 -1 -1 -1
-320 -560 237 711 76 539 375 -444 73 -483 648 -128 -511 -355 -483 69 -469 -469 0 -520 122 -66 58 0 -1 -464 -1 290 65 -122 0 285 -1 56 -1 350 204 -400 420 0 235 270 0 -1 44 -220 0 -1 -1 208 -1 -1 -1 185 -1 31 -1 -1 66 0 -324 -26 0 31 -1 -1 -1 66 -1 -1 -1 -1 -88 -1 -1 0 -1 -1 -1 -1 -1 -1 -128 -1 -1 -1 -1 -1 64 -1 -1 -28 -1 -1 -1 -1 -1 -1 -1 -1
-324 -567 240 720 77 546 380 -450 74 -490 657 -130 -518 -360 -490 70 -1 -476 0 -528 124 -67 -1 -1 366 -472 0 295 66 -124 0 290 495 57 212 -1 208 -408 427 0 240 -1 0 387 45 -225 0 342 -1 -1 -1 -160 -140 190 0 -1 -144 -1 -1 0 -1 -27 0 -1 31 -1 -1 -1 78 243 -1 -1 -1 -1 0 -1 0 -1 -1 -1 -1 -1 -1 -1 -1 -1 -1 -30 -1 -1 -1 -1 -1 -1 -1 -1 -1 -1 -1 -1
-328 -574 243 729 78 -1 385 -456 75 -497 666 -132 -525 -1 -1 -1 -476 -1 0 -1 126 -68 59 0 372 -480 0 300 67 -126 0 -1 -1 58 216 357 212 -1 -1 0 245 276 -1 -1 46 -230 0 351 -1 -1 -1 -1 -1 -1 0 -1 -148 126 68 -1 -1 -1 0 -1 -1 36 -208 69 81 -1 -1 -1 -1 -1 -1 -1 0 76 -56 -1 -1 -117 -136 -60 -1 -1 99 -1 -1 -1 -1 -1 -1 -1 -1 -1 -1 -1 -1 -1
-332 -581 246 738 -1 553 390 -462 76 -504 675 -134 -532 -365 -497 71 -1 -483 0 -536 -1 -69 60 -1 -1 -488 0 305 -1 -128 -1 -1 -1 59 220 -1 -1 -416 434 0 -1 282 0 396 47 -1 0 360 -1 -1 186 -164 -144 -1 -1 32 -1 129 70 -1 -1 -28 -1 32 -1 -1 -1 -1 -1 252 -1 27 -92 -1 0 0 -1 -1 -1 -1 -1 -126 -1 -64 -1 -40 -1 -1 -1 -1 -1 -1 -1 -1 -1 -1 -1 -1 -1 -1
-336 -588 249 747 79 560 395 -468 77 -511 -1 -136 -539 -370 -504 72 -483 -490 0 -544 128 -1 61 -1 378 -496 -1 310 68 -130 -1 295 504 60 224 364 -1 -424 -1 0 250 288 -1 405 48 -1 0 -1 -1 212 192 -1 -148 -1 0 33 -1 -1 -1 -1 -1 -1 -1 -1 -1 -1 -1 -1 84 261 0 -1 -1 -1 -1 -1 -1 -1 -1 -128 153 -135 -1 -1 -1 -1 -1 -1 -1 -1 -1 -1 -1 -1 -1 -1 -1 -1 -1 -1
-340 -595 252 756 80 567 400 -474 78 -518 684 -138 -546 -375 -511 73 -490 -497 0 -552 130 -70 62 0 384 -1 0 315 69 -132 -1 300 -1 -1 228 371 -1 -432 441 0 255 -1 -1 414 -1 -235 0 369 -1 -1 -1 -168 -1 -1 0 -1 -1 -1 -1 0 -333 -1 -1 -1 32 -1 -1 -1 -1 270 -1 -1 -1 -1 -1 0 -1 -1 -1 -1 -1 -1 -144 -1 -1 -1 108 -1 -1 -1 -1 -1 -1 -1 -1 -1 -1 -1 -1 -1
-344 -602 255 765 -1 574 405 -480 79 -525 693 -140 -553 -380 -1 74 -1 -504 0 -560 132 -71 63 0 390 -504 0 320 70 -1 -1 305 513 -1 232 378 -1 -440 -1 -1 -1 294 0 423 49 -240 -1 -1 -1 216 198 -1 -152 195 -1 34 -1 -1 -1 -1 -1 -1 -1 33 -1 37 -1 -1 87 -1 0 -1 -1 -1 -1 -1 -1 -1 -1 -1 162 -1 -1 -1 -1 -1 -1 -1 -1 30 0 -1 -1 -1 -1 -1 -1 -1 -1 -1
-348 -609 258 774 81 -1 410 -486 80 -532 702 -142 -560 -385 -518 -1 -1 -511 0 -1 -1 -72 64 0 396 -512 -1 -1 71 -1 -1 310 522 61 236 -1 216 -1 448 0 260 -1 -1 432 -1 -245 0 378 405 220 204 -172 -156 -1 -1 35 -1 132 72 0 -1 -29 0 34 -1 38 -216 72 -1 -1 0 28 -1 -1 -1 -1 -1 -1 -60 -1 -1 -1 -1 -1 -1 -45 -1 -1 -1 -1 -1 -1 -1 -1 -1 -1 -1 -1 -1 -1
-352 -1 261 783 82 581 415 -492 81 -539 711 -144 -567 -1 -525 -1 -497 -518 0 -568 134 -73 -1 0 402 -520 -1 -1 -1 -134 0 315 531 -1 -1 -1 220 -448 455 0 -1 -1 0 441 -1 -1 0 -1 -1 224 -1 -1 -160 -1 0 36 -1 -1 74 0 -342 -30 -1 -1 -1 -1 -1 -1 -1 279 0 -1 -1 -1 0 -1 0 -1 -64 -136 -1 -1 -1 -1 -1 -1 -1 -1 -1 -1 -1 -1 -1 -1 -1 -1 -1 -1 -1 -1
-356 -616 264 792 83 588 420 -498 82 -546 720 -146 -1 -390 -532 -1 -504 -525 0 -576 136 -74 65 0 408 -528 0 325 -1 -136 -1 -1 540 62 240 385 224 -456 462 -1 265 300 0 450 50 -1 0 387 -1 228 -1 -1 -1 200 0 -1 -1 135 76 0 -1 -1 0 35 -1 -1 -1 75 -1 -1 -1 -1 -1 -1 -1 -1 0 -1 -68 -144 171 -1 -152 -1 -1 -50 -1 -1 -1 -1 -1 -1 -1 -1 -1 -1 -1 -1 -1 -1
-360 -623 267 801 84 595 425 -504 83 -553 729 -148 -1 -395 -539 75 -511 -532 0 -1 -1 -1 66 0 414 -536 0 330 72 -1 0 -1 549 63 -1 392 228 -464 469 0 270 -1 0 459 -1 -1 0 396 -1 -1 210 -176 -164 205 0 -1 -1 -1 -1 0 -351 -31 -1 -1 -1 -1 -1 -1 -1 -1 -1 -1 -96 -1 0 -1 -1 -1 -1 -1 -1 -1 -1 -1 -1 -1 -1 -1 -1 -1 -1 -1 -1 -1 -1 -1 -1 -1 -1 -1
-364 -630 270 810 85 602 430 -510 84 -560 -1 -150 -574 -400 -546 76 -518 -539 0 -1 138 -1 67 0 420 -544 0 -1 -1 -138 0 320 558 64 244 -1 232 -472 476 0 -1 306 0 468 51 -1 -1 405 414 232 -1 -180 -168 -1 -1 -1 -1 138 78 0 -1 -1 0 -1 33 -1 -1 78 -1 -1 -1 -1 -100 -1 -1 -1 0 -1 -1 -1 -1 -1 -1 -1 -1 -55 -1 -1 -1 -1 -1 -1 -1 -1 24 -1 -1 -1 -1 -1
-368 -637 273 819 86 609 435 -516 85 -567 738 -152 -581 -405 -553 77 -525 -546 0 -584 140 -75 68 0 426 -1 0 335 73 -140 0 325 567 65 248 -1 236 -1 483 -1 275 -1 0 477 52 -250 0 -1 423 236 -1 -1 -1 210 -1 -1 -152 141 80 -1 -1 -32 -1 -1 34 39 -1 -1 90 -1 -1 -1 -1 -1 -1 -1 -1 -1 -1 -152 -1 -1 -1 -68 60 -1 -1 -1 72 -1 -1 -1 -1 -1 -1 -1 12 -1 -1 -1
-372 -644 276 828 87 616 440 -522 -1 -574 747 -154 -588 -410 -560 78 -532 -553 0 -592 -1 -76 69 0 -1 -552 0 340 74 -142 0 330 576 66 252 399 240 -1 490 -1 -1 -1 0 -1 53 -1 0 -1 -1 240 -1 -184 -1 -1 -1 37 -1 -1 -1 -1 -1 -33 -1 -1 -1 -1 -224 -1 93 -1 -1 -1 -1 -1 -1 0 0 -1 -72 -1 -1 -1 -1 -1 65 -1 117 -1 -1 -1 -1 -32 -1 -1 -1 -1 -1 -1 -1 -1
-376 -651 279 837 88 623 445 -528 86 -581 756 -156 -595 -415 -567 79 -1 -560 0 -1 142 -1 70 0 432 -560 0 345 75 -1 0 335 -1 67 256 -1 -1 -480 -1 0 280 312 0 -1 -1 -255 0 -1 -1 244 -1 -1 -172 -1 -1 -1 -1 144 -1 -1 -360 -34 -1 -1 -1 -1 -1 -1 -1 -1 -1 -1 -1 -1 -1 -1 -1 -1 -1 -1 -1 -1 -160 -1 -1 -1 -1 -1 -1 33 0 -1 -1 -1 27 -1 -1 -1 -1 -1
-380 -658 282 846 89 630 450 -534 87 -588 765 -158 -602 -420 -574 80 -539 -567 0 -600 144 -77 71 0 438 -568 0 350 76 -144 -1 -1 -1 68 260 -1 244 -1 -1 0 -1 318 0 486 -1 -1 -1 414 -1 -1 -1 -188 -1 215 -1 -1 -156 -1 -1 -1 -1 -1 -1 -1 35 40 -232 -1 -1 -1 -1 -1 -1 -1 -1 0 -1 -1 -1 -160 180 -1 -1 -1 70 -1 -1 -1 80 -1 -1 -1 -1 -1 -1 -1 -1 -1 -1 -1
-384 -665 285 855 90 -1 455 -540 88 -595 -1 -160 -609 -1 -581 -1 -546 -574 0 -608 -1 -78 72 0 444 -576 0 -1 -1 -146 -1 340 585 -1 -1 406 248 -488 497 -1 -1 -1 0 495 54 -260 -1 423 432 -1 -1 -1 -1 -1 0 38 -160 -1 -1 0 -369 -35 -1 -1 -1 -1 -1 -1 -1 -1 -1 -1 -104 -1 0 0 0 -1 -1 -1 189 -1 -1 -1 75 -1 126 -1 -1 -1 0 -1 0 -1 -1 -1 -1 -1 -1 -1
-388 -672 288 864 91 637 460 -546 89 -602 -1 -162 -616 -425 -588 81 -553 -1 0 -616 146 -1 73 0 450 -1 0 355 77 -148 0 345 594 69 264 -1 252 -1 -1 -1 285 -1 0 504 -1 -265 0 -1 441 -1 -1 -192 -176 220 0 -1 -1 -1 -1 0 -378 -1 0 -1 -1 -1 -240 81 -1 -1 -1 -1 -1 -1 -1 -1 -1 80 -76 -168 -1 -1 -1 -1 80 -60 -1 -1 -1 -1 -1 -1 -1 24 -1 4 -1 -1 -1 -1
-392 -679 291 873 92 644 465 -552 90 -609 774 -164 -1 -1 -595 82 -560 -581 0 -1 -1 -79 74 0 456 -584 0 360 78 -150 0 -1 603 70 -1 -1 256 -1 -1 -1 -1 324 0 513 55 -1 -1 -1 -1 248 -1 -1 -1 -1 -1 -1 -1 -1 -1 -1 -1 -36 0 -1 -1 -1 -1 -1 -1 -1 -1 29 -1 -1 -1 -1 -1 -1 -1 -1 -1 -1 -1 -1 -1 -1 -1 -1 -1 -1 -1 -1 -1 -1 -1 -1 -1 -1 -1 -1
-396 -686 294 882 93 651 470 -558 91 -616 783 -166 -623 -430 -602 83 -567 -588 0 -624 148 -80 75 0 462 -592 0 -1 79 -152 0 350 612 -1 -1 -1 260 -1 -1 0 -1 -1 0 -1 -1 -270 0 432 450 252 -1 -196 -180 -1 0 -1 -1 -1 -1 -1 -1 -1 -1 -1 -1 -1 -1 84 -1 -1 -1 -1 -1 -1 0 -1 -1 -1 -80 -1 -1 -1 -1 -1 -1 -1 -1 -1 -1 -1 -1 -1 -1 -1 -1 -1 -1 -1 -1 -1
-400 -693 297 891 94 658 475 -564 92 -623 792 -168 -1 -1 -609 84 -574 -595 -1 -632 -1 -1 76 0 468 -600 0 -1 80 -154 0 -1 621 71 -1 413 264 -1 -1 0 290 -1 0 522 -1 -1 -1 441 -1 -1 216 -200 -184 -1 0 -1 -1 -1 -1 0 -387 -1 -1 -1 36 -1 -1 87 -1 288 -1 -1 -1 -90 -1 -1 0 -1 -84 -176 -1 -1 -1 -1 -1 -1 -1 -1 -1 -1 -1 -36 -1 -1 -1 -1 -1 -1 -1 -1
-404 -700 300 900 95 665 480 -570 93 -630 801 -170 -630 -435 -616 -1 -581 -602 0 -640 150 -1 77 0 474 -608 0 365 81 -1 0 355 630 -1 -1 -1 268 -1 -1 0 295 330 0 -1 -1 -1 0 -1 459 -1 -1 -1 -188 -1 -1 -1 -164 -1 -1 -1 -1 -37 -1 -1 -1 -1 -1 90 96 -1 -1 -1 -1 -1 -1 -1 0 -1 -88 -184 -1 -144 -1 -1 -1 -1 -1 -1 -1 -1 -1 -1 -1 27 -1 -1 -1 -1 -1 -1
-408 -707 303 909 96 672 485 -576 94 -637 810 -172 -637 -1 -623 85 -588 -609 -1 -648 152 -81 -1 0 480 -616 0 370 82 -1 0 -1 -1 72 268 -1 -1 -496 504 -1 300 336 -1 -1 -1 -275 -1 -1 -1 256 -1 -204 -1 225 0 -1 -1 -1 82 -1 -396 -1 -1 -1 -1 -1 -1 93 -1 -1 -1 -1 -108 -1 0 -1 -1 84 -1 -1 -1 -1 -1 -72 -1 -1 -1 -1 -1 -1 -1 -1 0 -1 -1 -1 -1 -1 -1 -1
-412 -714 306 918 97 679 490 -582 95 -644 -1 -174 -644 -440 -630 -1 -595 -616 0 -656 154 -82 -1 0 486 -624 0 375 -1 -1 -1 -1 639 73 -1 -1 -1 -1 -1 -1 305 342 -1 531 56 -1 -1 -1 468 -1 -1 -1 -192 230 0 -1 -1 147 84 -1 -405 -1 -1 -1 -1 -1 -1 -1 99 -1 -1 30 -1 -1 -1 -1 -1 -1 -1 -1 -1 -1 -1 -1 -1 -1 -1 -1 -1 -1 -1 -1 -1 -1 -1 -1 -1 -1 -1 -1
-416 -721 309 927 98 686 495 -588 96 -651 819 -176 -651 -445 -637 -1 -602 -623 0 -664 156 -83 78 0 492 -1 0 -1 83 -156 -1 360 648 74 -1 420 272 -1 511 -1 -1 -1 0 540 57 -280 0 -1 477 260 -1 -1 -1 235 -1 -1 -1 -1 86 0 -414 -38 -1 -1 37 41 -1 -1 102 -1 -1 -1 -1 -1 0 -1 -1 -1 -92 -1 -1 -1 -168 -1 -1 -1 -1 -1 -1 -1 -1 -1 -1 -1 -1 6 -1 -1 -1 -1
-420 -728 312 936 99 693 500 -594 97 -658 828 -178 -658 -450 -1 86 -609 -630 -1 -672 158 -84 -1 -1 498 -632 0 380 84 -158 0 365 -1 75 272 427 276 -1 518 0 -1 348 0 -1 -1 -285 0 450 -1 -1 222 -1 -1 240 0 -1 -1 -1 -1 0 -1 -1 0 -1 -1 -1 -248 -1 -1 297 -1 -1 -112 -1 -1 -1 0 -1 -96 -1 -1 -1 -1 -1 -1 -1 -1 -1 88 -1 -1 -1 -1 -1 -1 -1 -1 -1 -1 -1
-424 -735 315 945 100 700 505 -600 98 -665 837 -180 -665 -1 -644 87 -616 -637 0 -680 160 -85 79 0 504 -640 0 385 85 -1 -1 370 657 76 276 434 -1 -1 -1 0 -1 354 0 549 58 -1 0 459 486 264 228 -208 -196 -1 0 -1 -1 -1 -1 0 -1 -39 -1 36 -1 42 -256 96 105 -1 -1 31 -116 -1 -1 0 -1 88 -1 -1 -1 -153 -1 -1 -1 -65 -1 -1 -1 -1 -1 -1 -1 -1 -1 -1 -1 -1 -1 -1
-428 -742 318 954 101 707 510 -606 99 -672 846 -182 -672 -455 -1 -1 -623 -1 0 -1 162 -1 -1 -1 -1 -648 -1 390 86 -160 0 375 666 77 280 441 -1 -1 -1 0 -1 360 0 558 59 -290 0 468 495 268 234 -212 -200 -1 -1 -1 -1 150 -1 -1 -1 -1 -1 37 38 -1 -1 -1 -1 -1 -1 -1 -1 -1 -1 -1 -1 -1 -100 -1 -1 -1 -176 -1 -1 -1 -1 -1 -1 -1 -1 -1 -1 -1 -1 8 -1 -1 -1 -1
-432 -749 321 963 102 714 515 -1 100 -679 855 -184 -679 -460 -651 88 -630 -644 -1 -688 -1 -1 -1 0 -1 -656 0 395 87 -1 0 380 675 -1 284 -1 -1 -504 525 0 -1 -1 -1 567 60 -1 0 477 -1 -1 240 -216 -1 245 -1 39 -168 153 -1 -1 -1 -1 0 38 39 43 -264 -1 -1 306 -1 -1 -1 -95 -1 -1 -1 92 -1 -1 -1 -1 -184 -1 -1 -1 -1 -1 -1 -1 -1 -1 -1 -1 -1 10 -1 -1 -1 -1
-436 -756 324 972 -1 721 -1 -612 101 -686 864 -186 -686 -465 -658 89 -637 -1 0 -696 164 -86 -1 0 510 -664 0 400 88 -162 0 385 684 78 -1 -1 280 -512 -1 -1 310 -1 -1 576 61 -295 0 486 504 272 -1 -1 -204 -1 0 -1 -172 -1 88 0 -1 -1 -1 -1 40 -1 -1 99 -1 -1 -1 -1 -1 -100 -1 -1 -1 96 -1 -1 198 -1 -192 -1 -1 -1 -1 -1 -1 -1 -1 -1 -1 -1 -1 -1 -1 -1 -1 -1
-440 -763 327 -1 103 728 520 -618 -1 -693 873 -188 -693 -1 -665 90 -644 -1 0 -1 166 -87 80 0 516 -672 0 405 89 -164 0 390 -1 -1 -1 448 284 -520 532 0 -1 -1 -1 585 62 -1 0 495 513 276 246 -1 -208 250 0 -1 -176 156 -1 -1 -423 -1 -1 39 -1 44 -1 102 -1 -1 -1 -1 -1 -1 -1 -1 -1 -1 -1 -1 -1 -1 -1 -1 -1 -1 -1 -1 -1 -1 0 -1 -1 -1 -1 12 -1 -1 -1 10
-444 -770 330 981 104 735 525 -624 102 -700 882 -190 -700 -1 -672 91 -651 -651 -1 -704 168 -88 81 -1 522 -1 -1 410 90 -1 0 395 -1 79 -1 455 -1 -1 539 0 315 366 -1 594 -1 -1 0 504 -1 280 252 -220 -1 -1 -1 -1 -180 -1 90 -1 -432 -1 -1 -1 -1 -1 -1 -1 -1 315 0 32 -1 -1 0 -1 -1 -1 -1 -1 -1 -1 -1 -1 -1 -1 135 -1 -1 -1 -1 -1 0 -1 30 -1 -1 -1 -1 -1
-448 -777 333 990 105 742 530 -630 103 -707 891 -1 -707 -470 -679 92 -658 -1 -1 -712 170 -89 82 0 528 -1 0 415 -1 -166 0 -1 693 -1 -1 -1 288 -1 546 -1 320 372 -1 -1 -1 -1 -1 513 -1 284 -1 -1 -1 -1 0 -1 -1 159 -1 -1 -1 -40 -1 -1 41 45 -272 105 -1 -1 -1 -1 -1 -1 -1 -1 -1 -1 -1 -1 207 -1 -200 -1 -1 -1 144 -1 96 -1 -1 -1 -1 -1 -1 -1 -1 -1 -1 -1
-452 -784 336 999 106 749 535 -636 104 -714 900 -192 -1 -475 -1 -1 -665 -658 0 -720 172 -90 -1 -1 -1 -680 0 420 91 -168 0 -1 702 -1 288 462 292 -1 -1 0 -1 378 -1 603 63 -1 -1 -1 522 -1 258 -224 -1 255 0 -1 -1 162 -1 0 -441 -1 -1 40 42 46 -280 108 108 -1 -1 33 -1 -1 -1 -1 -1 -1 -1 -1 -1 -1 -208 -76 -1 -1 -1 -1 -1 36 -1 -1 -1 -1 -1 14 -1 -1 -1 -1
-456 -791 339 1008 107 -1 540 -1 105 -721 909 -194 -714 -480 -686 93 -672 -665 0 -728 174 -91 -1 0 -1 -688 0 425 92 -1 0 -1 711 80 -1 -1 296 -528 553 0 -1 -1 -1 612 64 -1 -1 -1 -1 -1 264 -228 -1 260 -1 40 -184 -1 -1 0 -450 -1 0 -1 -1 -1 -288 111 -1 324 0 -1 -120 -1 -1 -1 -1 -1 -1 -192 -1 -1 -1 -1 -1 -1 -1 -1 104 -1 -1 -1 -1 -1 -1 -1 -1 -1 -1 -1
-460 -798 342 1017 108 756 545 -642 106 -728 918 -196 -721 -485 -693 94 -679 -672 0 -1 -1 -92 -1 0 534 -1 -1 -1 93 -1 0 400 -1 81 -1 469 300 -1 560 -1 325 384 -1 -1 -1 -300 -1 522 -1 -1 -1 -1 -212 265 0 -1 -1 -1 -1 0 -1 -41 -1 41 -1 -1 -296 -1 -1 333 -1 34 -1 -1 -1 -1 -1 100 -1 -1 -1 -1 -216 -1 -1 -1 -1 -36 -1 -1 -1 -1 -1 -1 -1 16 -1 -1 -1 -1
-464 -1 345 1026 109 763 550 -648 107 -735 927 -198 -728 -490 -700 95 -686 -679 0 -736 -1 -93 83 0 540 -696 0 430 94 -170 0 -1 720 82 292 -1 -1 -536 567 0 -1 -1 0 621 65 -1 0 531 531 288 270 -1 -1 270 0 41 -188 -1 -1 -1 -1 -42 0 42 43 -1 -304 114 -1 -1 -1 35 -1 -105 -1 0 -1 -1 -1 -1 -1 -162 -1 -1 -1 -70 -1 -1 -1 -1 -1 -40 -1 -1 -1 -1 -1 -1 -1 -1
-468 -805 348 1035 110 770 555 -654 108 -742 936 -200 -1 -1 -707 96 -693 -686 0 -744 176 -94 84 0 -1 -704 0 435 95 -1 -1 405 -1 83 296 476 304 -544 -1 -1 330 390 0 630 66 -1 -1 -1 540 292 276 -1 -216 -1 0 42 -1 -1 92 0 -1 -1 -1 43 -1 47 -312 117 -1 -1 -1 36 -1 -1 0 -1 -1 -1 -1 -200 -1 -171 -1 -80 -1 -1 -1 -42 -1 -1 -1 -1 -1 -1 -1 -1 -1 -1 -1 -1
-472 -812 351 1044 111 777 560 -660 109 -749 945 -202 -735 -495 -714 97 -1 -693 0 -752 178 -95 85 0 -1 -712 0 440 96 -1 0 410 729 -1 300 -1 -1 -552 574 0 335 396 0 639 67 -305 0 -1 -1 -1 -1 -1 -1 275 0 -1 -1 165 -1 -1 -1 -1 -1 -1 -1 -1 -1 -1 -1 342 -1 -1 -124 -110 0 -1 0 104 -1 -1 216 -1 -224 -1 -1 -1 -1 -1 -1 -1 -1 -1 -1 -1 -1 -1 -1 -1 -1 -1
-476 -819 354 1053 112 784 565 -666 110 -756 954 -204 -742 -500 -721 98 -1 -700 0 -1 180 -1 -1 0 546 -720 0 445 -1 -172 0 415 -1 84 304 483 308 -560 -1 -1 -1 -1 0 -1 -1 -310 0 -1 549 -1 -1 -1 -220 -1 0 -1 -1 -1 94 -1 -459 -43 -1 44 44 -1 -1 -1 -1 -1 0 -1 -128 -1 0 -1 0 -1 -1 -208 -1 -1 -1 -1 -1 -1 -1 -1 -1 -1 -1 -1 -1 -1 -1 -1 -1 -1 -1 -1
-480 -826 357 1062 113 791 -1 -672 111 -1 963 -206 -749 -505 -728 99 -700 -707 0 -760 182 -96 86 -1 552 -728 0 450 97 -174 0 420 738 -1 308 490 312 -1 581 0 -1 402 0 648 68 -1 0 -1 -1 -1 -1 -1 -1 280 -1 -1 -192 -1 -1 0 -468 -44 -1 -1 -1 48 -1 120 -1 351 -1 37 -1 -1 -1 -1 -1 -1 -1 -1 -1 -1 -1 -1 -1 -1 -1 -1 -1 -1 0 -1 -1 30 -1 -1 -1 -1 -1 -1
-484 -833 360 1071 114 798 570 -678 112 -763 972 -208 -756 -510 -1 100 -707 -714 0 -768 184 -97 -1 0 558 -736 0 455 98 -176 -1 -1 -1 85 312 497 -1 -1 588 0 340 -1 0 657 69 -1 0 540 -1 -1 282 -232 -1 -1 0 -1 -196 -1 96 0 -1 -1 0 45 -1 -1 -1 -1 -1 -1 -1 38 -1 -1 -1 -1 -1 -1 -1 -1 225 -1 -1 -1 -1 -1 153 -1 -1 39 -1 -1 -1 -1 -1 -1 -1 -1 -1 -1
-488 -840 363 1080 115 805 575 -684 -1 -770 981 -210 -763 -515 -735 -1 -714 -721 0 -1 186 -98 87 -1 564 -744 0 460 99 -178 0 -1 -1 86 -1 504 316 -568 595 0 -1 -1 -1 -1 70 -315 -1 549 -1 -1 -1 -236 -1 -1 -1 -1 -200 -1 98 -1 -1 -1 -1 -1 -1 -1 -1 -1 111 360 0 -1 -132 -1 0 -1 -1 108 -1 -216 -1 -180 -1 -1 -1 -1 -1 -1 -1 42 -1 -1 -1 33 -1 -1 -1 -1 -1 -1
-492 -847 366 1089 116 812 580 -690 -1 -1 990 -1 -770 -520 -742 101 -721 -728 0 -1 188 -99 88 -1 570 -1 -1 465 100 -180 -1 425 747 -1 316 511 320 -1 -1 -1 345 -1 -1 -1 71 -320 -1 558 558 -1 -1 -1 -1 -1 -1 -1 -204 168 -1 -1 -477 -1 0 46 -1 -1 -320 -1 -1 -1 -1 -1 -1 -1 -1 -1 0 -1 -1 -224 234 -1 -1 -1 -1 -1 -1 -1 -1 -1 -1 -1 -1 -1 -1 18 -1 -1 -1 -1
-496 -854 369 1098 117 819 585 -1 113 -777 999 -212 -1 -525 -1 102 -1 -735 0 -776 190 -100 89 0 -1 -752 0 470 101 -1 0 -1 -1 -1 -1 518 -1 -1 -1 0 350 -1 0 -1 72 -1 -1 567 -1 -1 -1 -240 -224 285 -1 -1 -1 -1 100 0 -1 -45 -1 47 -1 49 -1 123 -1 -1 0 39 -1 -115 -1 -1 0 112 -1 -1 -1 -1 -232 -1 -1 -1 -1 -1 -1 -1 -1 -1 -1 -1 -1 -1 -1 -1 -1 -1
-500 -861 372 1107 118 826 590 -696 114 -784 1008 -214 -777 -530 -749 103 -728 -742 0 -784 192 -101 90 -1 576 -760 0 -1 102 -182 0 -1 -1 87 320 -1 -1 -1 602 0 -1 408 0 666 73 -1 0 -1 -1 -1 288 -244 -1 -1 -1 43 -208 171 102 -1 -1 -46 -1 -1 -1 50 -328 -1 -1 369 -1 -1 -1 -120 -1 -1 -1 -1 -1 -1 -1 -1 -1 -84 -1 -1 -1 -1 -1 -1 -1 -1 0 -1 -1 -1 -1 -1 -1 -1
-504 -868 375 1116 119 833 595 -702 115 -791 1017 -216 -784 -535 -756 104 -735 -749 0 -1 194 -102 -1 0 582 -768 0 475 103 -184 0 430 756 88 324 525 -1 -1 609 0 -1 414 -1 -1 74 -325 0 576 567 296 -1 -248 -1 290 0 44 -212 -1 104 -1 -1 -1 0 -1 45 -1 -336 -1 -1 -1 -1 -1 -1 -125 -1 -1 -1 -1 -104 -1 -1 -1 -1 -88 85 -75 -1 -1 -1 -1 -1 -1 -1 -1 -1 -1 -1 -1 -1 -1
-508 -875 378 1125 120 840 600 -708 116 -798 1026 -218 -791 -540 -763 105 -742 -756 -1 -792 196 -103 91 0 588 -776 0 -1 104 -1 0 435 -1 89 328 532 324 -1 616 -1 -1 -1 0 675 75 -330 0 585 -1 -1 -1 -1 -1 -1 0 45 -1 174 -1 0 -486 -1 -1 48 46 -1 -1 -1 -1 -1 0 -1 -1 -1 -1 -1 -1 -1 -1 -232 -1 -1 -1 -1 90 -1 -1 -48 112 -1 -1 -1 -1 -1 -1 -1 -1 -1 -1 -1
-512 -882 381 1134 121 847 605 -1 117 -1 1035 -1 -798 -545 -1 106 -749 -1 0 -800 198 -104 -1 0 594 -784 0 480 -1 -186 0 440 -1 90 332 -1 -1 -1 623 0 -1 -1 -1 684 -1 -335 -1 -1 576 -1 294 -252 -1 -1 -1 -1 -216 -1 -1 0 -1 -1 0 -1 -1 51 -1 126 114 378 -1 -1 -136 -130 -1 0 0 -1 -108 -240 243 -189 -1 -1 95 -80 -1 -54 -1 45 -1 -1 -1 -1 -1 -1 -1 -1 -1 -1
-516 -889 384 1143 122 854 -1 -714 118 -805 -1 -220 -805 -1 -770 107 -756 -763 0 -808 200 -105 92 -1 600 -792 0 -1 105 -188 0 -1 765 91 336 539 328 -1 630 0 355 -1 0 693 76 -340 -1 -1 585 -1 300 -256 -1 -1 -1 -1 -1 -1 106 0 -495 -47 0 49 47 52 -1 129 -1 -1 0 -1 -1 -135 -1 -1 -1 -1 -1 -1 -1 -198 -1 -1 -1 -1 -1 -1 -1 -1 -1 -1 -1 -1 -1 -1 -1 -1 -1 -1
-520 -896 387 1152 123 861 610 -720 119 -812 1044 -222 -812 -550 -1 108 -763 -1 0 -816 202 -106 93 0 606 -800 0 485 -1 -190 0 445 774 92 340 -1 332 -576 -1 -1 360 420 0 -1 -1 -1 -1 -1 -1 -1 306 -260 -228 -1 -1 46 -220 -1 -1 0 -1 -48 -1 50 48 -1 -344 132 117 -1 -1 40 -1 -1 -1 -1 -1 -1 -1 -248 -1 -1 -1 -1 -1 -1 -1 -1 120 -1 -1 -44 -1 -1 -1 -1 -1 -1 -1 -1
-524 -903 390 1161 124 868 615 -726 120 -819 -1 -224 -819 -555 -777 109 -770 -770 0 -824 -1 -107 94 -1 612 -808 0 490 106 -1 0 450 -1 -1 344 -1 336 -584 637 0 365 426 0 702 -1 -1 -1 -1 -1 -1 -1 -264 -232 -1 0 47 -224 -1 108 -1 -1 -49 -1 51 -1 -1 -352 -1 -1 -1 0 -1 -140 -1 -1 -1 0 -1 -1 -256 -1 -207 -1 -1 100 -85 -1 -60 -1 -1 0 -48 -1 -1 -1 -1 -1 -1 -1 -1
-528 -910 393 1170 125 875 620 -732 121 -826 1053 -226 -826 -560 -784 110 -1 -777 0 -832 204 -108 -1 -1 -1 -816 0 -1 107 -1 -1 455 783 -1 -1 -1 340 -592 644 0 -1 -1 -1 -1 77 -345 -1 594 -1 -1 312 -1 -1 -1 0 48 -1 -1 -1 0 -1 -50 -1 -1 -1 -1 -360 135 -1 -1 -1 -1 -1 -1 -1 -1 -1 -1 -1 -264 -1 -216 -240 -92 105 -90 -1 -1 -1 -1 -1 -1 0 -1 -1 -1 16 -1 -1 -1
-532 -917 396 -1 126 -1 625 -738 122 -833 1062 -1 -833 -565 -791 -1 -1 -1 0 -840 -1 -109 95 0 618 -1 0 495 108 -192 0 460 -1 -1 -1 546 344 -600 -1 0 370 432 0 711 78 -1 -1 603 -1 -1 318 -1 -236 295 -1 49 -228 177 -1 -1 -1 -1 -1 52 49 53 -368 138 120 387 -1 -1 -1 -140 0 0 -1 -1 -112 -1 -1 -1 -1 -1 -1 -1 -1 -1 -1 48 -1 -1 -1 -1 -1 -1 -1 -1 -1 -1
-536 -924 399 1179 127 882 -1 -744 123 -840 1071 -228 -840 -570 -1 111 -1 -784 0 -848 206 -110 -1 0 -1 -824 0 500 109 -194 -1 465 792 93 348 553 348 -1 651 0 -1 438 -1 720 -1 -1 -1 -1 -1 300 324 -1 -1 -1 -1 50 -1 180 -1 -1 -1 -1 0 -1 -1 -1 -1 -1 -1 396 -1 -1 -1 -1 0 -1 -1 -1 -116 -1 -1 -225 -248 -1 -1 -1 -1 -1 -1 -1 -1 -1 -1 -1 -1 -1 -1 -1 -1 -1
-540 -931 402 1188 128 889 630 -750 124 -847 1080 -230 -847 -575 -798 -1 -777 -791 0 -856 208 -1 96 0 624 -832 0 505 -1 -196 -1 470 801 -1 352 560 352 -608 658 0 375 444 -1 -1 79 -350 0 612 594 -1 -1 -268 -240 -1 0 -1 -1 183 -1 -1 -1 -51 -1 53 50 54 -1 -1 -1 -1 -1 41 -1 -145 -1 -1 -1 -1 -1 -1 252 -1 -1 -1 -1 -1 -1 -1 -1 -1 -1 -1 -1 -1 -1 -1 -1 -1 -1 -1
-544 -938 405 1197 129 896 635 -756 125 -854 -1 -232 -854 -580 -805 112 -784 -798 0 -864 -1 -111 97 0 630 -840 0 510 110 -198 0 475 810 94 356 567 -1 -1 -1 -1 -1 -1 0 -1 -1 -1 -1 621 -1 304 -1 -272 -244 -1 -1 51 -1 186 -1 -1 -504 -52 -1 -1 -1 -1 -1 -1 -1 -1 -1 -1 -1 -150 0 0 -1 -1 -120 -1 -1 -234 -1 -1 -1 -1 162 -1 -1 -1 -1 -1 -1 -1 -1 -1 -1 -1 -1 -1
-548 -945 408 1206 130 903 640 -762 126 -861 1089 -234 -861 -585 -812 -1 -791 -805 0 -872 210 -1 98 0 -1 -848 0 515 -1 -1 0 480 -1 95 360 -1 -1 -1 -1 -1 -1 450 -1 -1 -1 -1 0 630 -1 308 -1 -276 -248 300 -1 -1 -1 -1 110 0 -1 -53 -1 54 51 -1 -1 141 -1 -1 -1 -1 -1 -1 -1 -1 -1 116 -1 -1 -1 -1 -256 -1 -1 -1 -1 -1 -1 -1 -1 -1 -1 36 -1 -1 -1 -1 -1 -1
-552 -952 -1 1215 131 910 645 -768 127 -868 1098 -236 -868 -590 -819 -1 -798 -812 0 -880 -1 -112 -1 -1 636 -856 -1 -1 111 -200 -1 485 819 96 364 -1 356 -1 665 -1 -1 456 0 729 -1 -1 0 639 603 -1 -1 -280 -1 305 0 52 -1 -1 -1 -1 -513 -1 0 -1 -1 -1 -376 -1 -1 -1 0 42 -1 -1 0 -1 -1 -1 -1 -1 -1 -1 -1 -96 -1 -1 -1 -1 -1 -1 -1 -1 -1 -1 -1 -1 -1 -1 -1 -1
-556 -959 411 1224 132 917 650 -774 128 -875 1107 -238 -875 -595 -826 113 -805 -1 0 -888 212 -113 99 0 642 -864 0 520 -1 -202 -1 490 -1 97 -1 -1 360 -616 672 -1 380 462 0 738 80 -1 0 -1 612 312 -1 -1 -1 -1 0 53 -1 -1 -1 0 -522 -54 -1 -1 -1 -1 -384 -1 123 405 -1 -1 -1 -1 0 -1 -1 -1 -1 -272 -1 -1 -1 -1 -1 -1 171 -1 -1 51 -1 -1 -1 -1 -1 -1 20 -1 -1 -1
-560 -966 414 1233 133 924 655 -780 129 -882 -1 -240 -882 -1 -1 -1 -812 -819 0 -896 214 -114 100 0 648 -872 0 -1 112 -204 0 -1 -1 98 -1 574 364 -1 679 0 385 -1 0 747 -1 -1 0 -1 -1 316 -1 -1 -1 -1 0 -1 -232 -1 -1 0 -531 -55 -1 -1 -1 55 -392 144 -1 -1 0 -1 -1 -1 -1 -1 -1 -1 -1 -280 261 -1 -1 -1 -1 -95 -1 -1 -1 -1 -1 -1 -1 -1 -1 -1 -1 -1 -1 -1
-564 -973 417 1242 -1 931 660 -786 130 -889 1116 -242 -889 -600 -833 114 -819 -826 0 -904 216 -1 101 -1 654 -880 0 -1 -1 -206 0 495 -1 99 368 581 368 -1 -1 -1 390 468 -1 756 81 -1 0 648 -1 -1 -1 -1 -252 310 0 54 -1 -1 -1 0 -540 -1 -1 -1 52 56 -400 -1 -1 414 -1 43 -1 -1 0 -1 0 120 -1 -1 -1 -1 -1 -1 -1 -1 180 -1 -1 -1 -1 -1 -1 -1 -1 -1 -1 -1 -1 -1
-568 -980 420 1251 134 938 665 -792 131 -896 1125 -244 -896 -605 -1 115 -826 -833 0 -912 218 -115 102 0 660 -888 0 525 113 -208 0 500 828 100 -1 -1 372 -624 -1 -1 395 474 -1 -1 -1 -1 -1 -1 621 -1 -1 -1 -1 315 0 -1 -236 -1 -1 -1 -1 -1 -1 -1 -1 -1 -1 -1 -1 -1 -1 44 -144 -155 -1 -1 -1 -1 -1 -1 -1 -1 -264 -1 110 -1 -1 -1 -1 54 0 -1 -1 -1 -1 -1 -1 -1 -1 -1
-572 -987 423 1260 135 945 670 -1 132 -903 1134 -246 -903 -1 -840 116 -833 -1 0 -1 -1 -116 103 0 -1 -1 -1 530 114 -210 -1 505 837 101 -1 588 376 -1 686 0 400 480 -1 765 -1 -1 -1 -1 630 -1 -1 -284 -1 320 -1 -1 -240 -1 -1 0 -549 -1 -1 -1 53 57 -408 -1 -1 423 -1 -1 -1 -1 0 0 -1 -1 -1 -1 -1 -1 -1 -1 -1 -1 -1 -1 -1 57 -1 -1 -1 -1 -1 -1 -1 -1 -1 -1
-576 -994 426 1269 136 952 675 -798 -1 -910 1143 -248 -910 -610 -847 117 -840 -840 0 -920 220 -117 -1 0 -1 -896 -1 535 115 -212 0 510 846 102 -1 -1 380 -1 693 -1 405 -1 -1 774 82 -1 -1 657 639 320 -1 -1 -1 325 -1 -1 -1 189 112 0 -1 -1 0 -1 -1 -1 -416 -1 126 432 -1 -1 -1 -160 -1 -1 0 124 -1 -1 -1 -1 -1 -1 -1 -1 -1 -1 -1 -1 -1 -1 -1 -1 -1 -1 -1 -1 -1 -1
-580 -1001 429 1278 137 959 680 -804 133 -917 1152 -250 -917 -615 -854 118 -847 -847 0 -928 222 -118 -1 -1 666 -904 0 540 116 -214 -1 515 -1 103 372 595 384 -632 -1 0 410 486 0 783 83 -355 -1 666 648 -1 330 -1 -1 330 0 -1 -1 -1 114 -1 -1 -1 0 55 54 -1 -1 -1 -1 -1 0 -1 -1 -165 -1 -1 -1 -1 -1 -1 -1 -1 -1 -1 -1 -1 -1 -1 -1 -1 -1 -1 -1 -1 -1 -1 -1 -1 -1 -1
-584 -1008 432 -1 138 966 685 -810 134 -924 1161 -252 -924 -620 -861 119 -854 -854 0 -936 224 -119 104 0 672 -912 -1 -1 117 -1 -1 520 -1 104 -1 602 388 -640 -1 0 -1 -1 0 792 -1 -1 0 -1 657 324 -1 -288 -256 -1 0 -1 -1 192 -1 -1 -558 -1 0 56 55 58 -1 -1 -1 -1 0 -1 -148 -1 -1 -1 0 -1 -1 -1 -1 -1 -272 -1 -1 -1 -1 -1 128 -1 -1 -1 -1 -1 -1 -1 -1 -1 -1 -1
-588 -1015 435 1287 139 973 690 -816 -1 -931 1170 -254 -931 -1 -868 120 -861 -861 0 -1 226 -1 105 -1 678 -920 0 545 118 -1 0 525 855 105 376 609 392 -1 -1 -1 415 492 -1 801 -1 -360 0 675 -1 -1 -1 -1 -260 -1 -1 55 -1 -1 116 -1 -567 -1 -1 -1 56 -1 -1 147 -1 441 0 45 -1 -170 0 0 -1 -1 -1 -1 270 -1 -280 -1 -1 -100 -1 -1 -1 -1 -1 -1 0 -1 -1 -1 -1 -1 -1 -1
-592 -1022 438 1296 140 980 695 -822 135 -938 1179 -256 -938 -625 -1 121 -1 -868 -1 -1 228 -120 106 -1 -1 -928 0 550 -1 -216 0 530 864 106 380 616 396 -1 700 0 -1 498 -1 810 84 -1 0 -1 666 328 336 -1 -1 335 -1 56 -1 195 -1 0 -1 -1 -1 -1 -1 -1 -1 -1 -1 -1 -1 -1 -152 -1 -1 0 -1 -1 -124 -1 -1 -1 -1 -100 -1 -105 -1 -1 -1 -1 -1 -1 -1 -1 -1 -1 -1 -1 -1 -1
-596 -1029 441 1305 141 987 700 -828 136 -945 1188 -258 -945 -630 -1 122 -868 -875 0 -944 -1 -1 107 0 -1 -936 0 555 119 -1 -1 535 873 -1 384 -1 400 -648 707 0 -1 504 0 819 85 -365 -1 684 675 332 342 -1 -264 -1 -1 -1 -1 -1 -1 -1 -1 -56 -1 -1 -1 -1 -1 -1 129 -1 -1 46 -156 -1 -1 -1 -1 -1 -1 -1 -1 -1 -1 -1 -1 -1 -1 -1 -1 -1 -1 -1 -1 -1 -1 -1 -1 -1 -1 -1
-600 -1036 444 1314 142 994 705 -834 137 -952 1197 -260 -952 -635 -875 123 -875 -882 -1 -1 230 -121 -1 0 -1 -1 0 -1 -1 -218 0 -1 882 -1 388 -1 -1 -656 714 0 420 -1 0 -1 86 -1 0 693 -1 336 -1 -1 -1 340 -1 57 -244 198 -1 0 -1 -57 -1 57 -1 -1 -1 150 -1 -1 -1 47 -1 -1 -1 -1 -1 -1 -128 -1 -1 -243 -288 -1 -1 -1 -1 -1 -1 -1 -1 -1 0 -1 -1 -1 -1 -1 -1 -1
-604 -1043 447 -1 143 1001 710 -1 -1 -959 1206 -262 -959 -640 -1 124 -882 -889 0 -952 232 -1 108 0 684 -944 0 560 120 -220 -1 -1 891 107 392 623 404 -664 721 -1 425 510 -1 -1 87 -370 0 702 684 340 -1 -292 -1 -1 -1 58 -248 -1 -1 0 -1 -1 -1 58 57 -1 -1 -1 -1 450 -1 48 -160 -175 -1 -1 0 -1 -1 -1 -1 -1 -1 -1 -1 -1 -1 -1 -1 -1 0 -1 -1 39 -1 -1 -1 -1 -1 -1
-608 -1050 450 1323 144 1008 715 -840 138 -966 1215 -1 -966 -645 -882 125 -1 -896 0 -960 234 -122 109 0 -1 -952 0 565 -1 -1 0 -1 900 108 396 630 408 -1 728 -1 430 516 -1 -1 -1 -1 -1 -1 693 -1 -1 -296 -1 -1 -1 -1 -1 -1 -1 0 -576 -58 0 59 58 -1 -424 -1 132 -1 -1 -1 -1 -1 -1 -1 -1 -1 -1 -1 -1 -1 -1 -1 115 -1 -1 -1 -1 -1 -1 -1 0 -1 -1 -1 -1 -1 -1 -1
-612 -1057 -1 1332 145 1015 720 -846 139 -1 1224 -264 -973 -650 -889 126 -889 -903 -1 -968 236 -123 -1 -1 -1 -960 0 570 121 -222 -1 540 909 -1 400 637 -1 -672 -1 0 435 -1 0 -1 88 -375 0 711 702 344 348 -300 -1 -1 0 -1 -1 -1 118 0 -585 -59 -1 -1 -1 -1 -1 -1 -1 -1 0 -1 -164 -1 -1 -1 0 -1 -132 -1 -1 -1 -1 -1 -1 -1 -1 -1 -1 -1 -1 -52 -1 -1 -1 -1 -1 -1 -1 -1
-616 -1064 453 1341 -1 1022 725 -852 140 -973 1233 -266 -980 -655 -896 127 -896 -910 0 -976 238 -124 110 0 690 -1 0 575 122 -224 0 545 918 109 -1 -1 412 -680 735 -1 440 522 -1 828 -1 -1 -1 720 711 -1 354 -1 -268 -1 -1 59 -252 -1 -1 0 -1 -1 -1 -1 -1 -1 -1 -1 -1 459 -1 49 -1 -180 -1 -1 -1 -1 -1 -1 -1 -1 -1 -1 -1 -1 -1 -1 -1 -1 -1 -56 -1 42 -1 -1 -1 -1 -1 15
-620 -1071 456 1350 146 1029 730 -858 141 -980 1242 -268 -987 -660 -903 128 -903 -917 -1 -984 -1 -125 111 0 696 -1 -1 580 123 -226 -1 -1 927 110 404 644 -1 -688 -1 -1 445 -1 0 -1 89 -1 0 -1 720 -1 360 -1 -1 -1 0 -1 -256 201 -1 0 -1 -1 -1 -1 59 -1 -1 -1 135 -1 -1 -1 -168 -1 0 -1 0 -1 -136 -1 -1 -1 -1 -1 -1 -110 189 -1 136 -1 -1 -1 -1 -1 -1 -1 -1 -1 -1 -1
-624 -1078 459 1359 147 1036 735 -864 142 -987 1251 -270 -994 -665 -910 -1 -910 -1 0 -992 240 -126 112 0 702 -968 0 -1 -1 -228 0 550 936 -1 408 -1 416 -696 742 0 450 528 -1 837 90 -380 -1 -1 729 348 -1 -1 -272 -1 0 60 -1 -1 120 0 -1 -1 -1 60 60 -1 -1 -1 138 468 -1 -1 -1 -1 -1 -1 0 128 -140 -1 -1 -1 -296 -104 -1 -1 198 -1 -1 -1 -1 -1 -1 -1 -1 -1 -1 -1 -1 -1
-628 -1085 462 1368 148 1043 740 -870 143 -994 1260 -272 -1001 -670 -917 129 -917 -924 0 -1000 242 -1 113 0 -1 -1 -1 585 124 -230 0 555 -1 111 412 -1 420 -1 -1 0 455 -1 -1 -1 91 -1 0 729 -1 -1 366 -1 -1 345 0 61 -260 -1 -1 -1 -1 -60 -1 -1 61 59 -1 -1 -1 -1 -1 50 -1 -1 0 -1 -1 -1 -144 -1 -1 -1 -1 -1 120 -1 -1 -1 -1 -1 0 -1 0 -1 -1 -1 -1 -1 -1 -1
-632 -1092 465 1377 -1 1050 745 -876 144 -1001 1269 -1 -1008 -675 -1 130 -1 -1 -1 -1008 -1 -127 114 0 -1 -976 0 -1 125 -232 -1 560 -1 112 416 651 -1 -704 -1 -1 460 534 0 -1 92 -385 0 -1 -1 -1 -1 -304 -1 350 0 -1 -264 204 -1 -1 -594 -1 -1 61 -1 -1 -1 -1 -1 -1 0 -1 -1 -1 -1 -1 0 -1 -148 -288 -1 -1 -1 -1 -1 -1 207 -1 -1 -1 -1 -1 -1 -1 -1 -1 -1 -1 -1 -1
-636 -1099 468 1386 149 1057 750 -882 145 -1008 1278 -274 -1 -680 -924 131 -1 -931 -1 -1016 -1 -128 -1 0 708 -984 0 590 -1 -234 0 -1 945 113 -1 658 424 -712 749 0 465 -1 0 846 93 -390 -1 738 738 -1 -1 -1 -1 -1 -1 -1 -1 207 122 -1 -603 -1 -1 -1 62 60 -1 -1 -1 -1 0 51 -1 -1 0 0 -1 -1 -1 -1 -1 -252 -1 -1 -1 -1 -1 -1 -1 -1 -1 -1 -1 -1 33 -1 -1 -1 -1 -1
-640 -1106 471 1395 150 1064 755 -888 146 -1015 1287 -276 -1015 -685 -1 132 -924 -938 0 -1024 244 -129 -1 -1 714 -1 0 595 -1 -236 0 -1 954 114 420 -1 428 -720 756 -1 470 540 0 -1 94 -395 0 747 -1 352 -1 -1 -1 355 -1 -1 -268 -1 -1 0 -1 -1 -1 -1 -1 61 -1 -1 141 -1 -1 -1 -1 -1 0 -1 -1 -1 -1 -1 -1 -1 -1 -1 -1 -1 -1 -1 -1 -1 -1 -1 -1 -1 -1 -1 -1 -1 -1 -1
-644 -1113 474 1404 151 -1 760 -894 147 -1022 1296 -278 -1022 -690 -1 -1 -931 -945 -1 -1032 -1 -1 115 -1 720 -992 -1 600 126 -238 -1 565 963 -1 -1 665 -1 -1 -1 -1 -1 -1 0 855 95 -1 -1 -1 747 -1 -1 -1 -1 -1 0 62 -1 -1 124 0 -1 -61 -1 62 -1 62 -1 -1 -1 -1 -1 52 -1 -1 -1 -1 -1 -1 -1 -1 -1 -261 -1 -108 -1 -1 -1 -1 -1 -1 -1 -1 -1 -1 -1 -1 -1 -1 -1 -1
-648 -1120 477 1413 152 1071 765 -1 148 -1029 -1 -280 -1 -695 -1 133 -1 -952 -1 -1 246 -1 -1 0 -1 -1 -1 605 127 -1 0 570 -1 -1 -1 672 -1 -1 -1 0 475 -1 -1 -1 96 -400 0 -1 756 356 372 -1 -1 360 -1 -1 -272 -1 126 -1 -612 -1 -1 -1 -1 -1 -1 -1 -1 -1 0 -1 -1 -1 -1 -1 -1 -1 -1 -1 -1 -1 -1 -1 -1 -1 -1 -1 -1 -1 -1 -1 -1 -1 36 -1 -1 -1 -1 -1
-652 -1127 480 1422 153 1078 770 -900 149 -1036 1305 -282 -1029 -700 -931 134 -938 -959 0 -1040 248 -130 116 0 726 -1000 0 610 128 -240 -1 575 972 -1 424 679 -1 -728 763 -1 -1 546 0 -1 97 -1 -1 756 765 360 -1 -1 -1 -1 -1 -1 -1 -1 128 -1 -1 -1 -1 -1 -1 -1 -432 -1 144 -1 0 -1 -172 -185 -1 0 0 132 -152 -296 -1 -1 -1 -1 -1 -115 -1 -1 -1 -1 -1 -60 -1 -1 -1 -1 -1 -1 -1 -1
-656 -1134 483 1431 154 1085 775 -906 150 -1043 1314 -284 -1 -705 -938 135 -945 -966 0 -1048 250 -131 117 0 732 -1008 0 615 129 -242 0 580 981 115 428 686 432 -736 770 0 -1 552 0 864 98 -405 -1 -1 774 364 -1 -1 -1 365 -1 -1 -1 -1 130 -1 -621 -1 0 -1 -1 -1 -1 -1 147 -1 -1 53 -176 -1 0 -1 -1 136 -1 -304 -1 -1 -1 -112 -1 -1 -1 -1 -1 -1 -1 -1 -1 -1 -1 20 -1 2 -1 -1
-660 -1141 486 1440 155 1092 780 -912 151 -1050 1323 -286 -1036 -710 -945 136 -952 -973 0 -1056 252 -132 -1 0 738 -1016 0 620 130 -244 -1 585 -1 116 432 -1 436 -744 -1 0 -1 558 0 873 -1 -1 0 -1 783 -1 378 -308 -1 370 0 63 -1 210 132 0 -1 -1 -1 63 -1 -1 -1 -1 -1 477 0 -1 -1 -1 -1 -1 0 140 -1 -1 -1 -1 -304 -1 -1 -1 216 -1 -1 -1 -1 -1 -1 -1 -1 22 -1 -1 -1 -1
-664 -1148 489 1449 156 1099 785 -918 152 -1057 1332 -288 -1 -715 -952 137 -1 -980 -1 -1064 254 -1 -1 0 744 -1024 0 625 -1 -246 0 -1 990 117 -1 693 440 -752 -1 -1 480 564 0 -1 -1 -410 -1 765 -1 368 384 -1 -1 -1 -1 64 -1 -1 134 -1 -1 -1 -1 -1 -1 -1 -440 153 150 -1 -1 -1 -180 -190 -1 -1 -1 144 -1 -1 279 -1 -1 -1 -1 -1 -1 -1 -1 -1 -1 -64 -1 -1 -1 -1 -1 -1 -1 -1
-668 -1155 492 1458 157 1106 790 -924 153 -1064 1341 -290 -1043 -1 -959 138 -1 -987 0 -1072 256 -133 118 0 750 -1032 0 -1 131 -1 0 -1 -1 118 -1 -1 444 -1 777 -1 -1 570 -1 -1 99 -415 -1 -1 792 -1 390 -1 -1 -1 0 -1 -1 -1 -1 0 -630 -1 0 64 -1 -1 -1 -1 -1 486 -1 -1 -184 -1 -1 -1 -1 -1 -1 -1 -1 -1 -312 -1 -1 -1 -1 -1 -1 -1 0 -1 -1 -1 -1 -1 24 -1 -2 -1
-672 -1162 495 1467 158 1113 795 -930 154 -1071 1350 -292 -1 -720 -1 139 -959 -994 -1 -1080 258 -134 119 -1 756 -1040 0 630 132 -1 -1 590 -1 -1 -1 -1 448 -760 784 0 485 576 0 882 -1 -1 -1 -1 -1 -1 396 -312 -1 375 0 -1 -1 -1 136 0 -639 -62 -1 -1 -1 -1 -448 156 -1 -1 -1 -1 -1 -195 0 0 -1 -1 -1 -312 288 -1 -1 -1 -1 -1 225 -1 -1 -1 0 -1 -1 -1 -1 -1 -1 -1 -1 -1
-676 -1169 498 1476 159 1120 800 -936 155 -1078 1359 -294 -1050 -1 -966 140 -966 -1001 -1 -1088 -1 -135 -1 0 762 -1048 0 -1 -1 -248 -1 -1 -1 -1 436 700 -1 -768 -1 -1 490 582 -1 -1 -1 -420 -1 774 801 372 402 -1 -276 380 -1 65 -1 -1 138 -1 -1 -63 -1 -1 63 -1 -1 -1 -1 -1 -1 54 -188 -1 -1 0 -1 -1 -1 -1 -1 -270 -1 -116 -1 -1 234 -1 -1 -1 0 -1 -1 -1 -1 -1 -1 -1 -1 -1
-680 -1176 501 1485 160 1127 805 -942 156 -1085 1368 -296 -1 -725 -973 141 -973 -1008 0 -1096 260 -136 120 -1 -1 -1056 0 635 -1 -1 0 595 -1 119 440 707 -1 -1 791 0 -1 588 0 891 -1 -425 0 -1 810 -1 -1 -316 -280 -1 -1 -1 -1 -1 -1 0 -1 -64 -1 65 64 -1 -456 -1 -1 -1 0 55 -1 -1 -1 -1 -1 -1 -1 -1 -1 -279 -1 -1 -1 -120 -1 -1 -1 60 -1 -1 -1 45 -1 -1 -1 -1 -1 -1
-684 -1183 504 1494 161 1134 810 -948 157 -1092 1377 -298 -1057 -730 -980 -1 -980 -1015 0 -1104 262 -137 121 0 768 -1 0 640 133 -250 -1 600 -1 120 444 -1 -1 -776 -1 -1 495 594 -1 -1 100 -1 -1 783 819 -1 408 -1 -1 385 -1 -1 -1 -1 -1 0 -648 -1 -1 66 -1 -1 -464 -1 -1 -1 -1 -1 -1 -1 -1 -1 -1 -1 -1 -1 -1 -288 -1 -120 -1 -1 -1 -1 -1 -1 -1 -1 -1 -1 -1 24 -1 3 -1 -1
-688 -1190 507 1503 162 1141 815 -954 158 -1099 -1 -300 -1064 -735 -987 142 -987 -1022 0 -1112 264 -1 122 0 -1 -1064 0 645 -1 -252 0 -1 999 121 448 714 452 -1 -1 -1 500 600 0 -1 101 -430 0 -1 828 376 414 -320 -1 -1 0 -1 -276 213 -1 -1 -1 -65 -1 67 -1 -1 -1 -1 -1 495 -1 56 -1 -1 0 -1 -1 -1 -1 -1 -1 -1 -1 -124 -1 -1 243 -1 -1 -1 -1 -1 -1 -1 -1 -1 -1 -1 -1 -1
-692 -1197 510 1512 163 1148 820 -960 159 -1106 1386 -302 -1 -740 -994 143 -994 -1029 -1 -1120 266 -138 123 -1 774 -1 -1 -1 -1 -254 -1 605 1008 -1 452 721 456 -784 798 0 -1 -1 -1 900 102 -435 0 792 -1 -1 420 -324 -284 390 0 66 -1 -1 -1 0 -1 -1 0 -1 65 -1 -1 -1 -1 -1 -1 -1 -192 -1 -1 0 -1 148 -1 -1 -1 -1 -320 -1 125 -1 252 -1 -1 -1 -1 -1 -1 -1 -1 -1 -1 -1 -1 -1
-696 -1204 513 1521 164 1155 825 -966 -1 -1113 1395 -304 -1071 -745 -1001 144 -1001 -1 0 -1128 268 -139 124 0 780 -1072 0 650 134 -1 -1 610 -1 122 456 -1 460 -1 -1 0 -1 -1 0 909 103 -1 0 801 837 -1 -1 -1 -1 395 0 -1 -280 216 140 0 -1 -1 0 -1 -1 63 -472 -1 153 -1 -1 -1 -196 -1 -1 -1 0 152 -1 -1 -1 -1 -1 -1 -1 -1 -1 -1 -1 -1 -1 -1 -1 -1 -1 -1 -1 -1 -1 -1
-700 -1211 516 1530 165 1162 830 -1 160 -1 1404 -306 -1 -750 -1 145 -1008 -1036 0 -1136 270 -140 125 0 786 -1080 0 -1 135 -256 0 615 1017 -1 460 -1 464 -1 -1 -1 -1 606 0 918 -1 -1 -1 810 846 -1 -1 -1 -1 400 -1 67 -284 -1 142 -1 -657 -66 0 68 -1 -1 -1 159 -1 -1 0 57 -1 -1 0 -1 0 -1 -1 -1 297 -1 -1 -128 -1 -125 261 -1 -1 63 -1 -1 -1 -1 -1 -1 -1 -1 -1 -1
-704 -1218 519 1539 166 1169 835 -972 -1 -1120 1413 -1 -1 -1 -1008 -1 -1015 -1043 0 -1 272 -141 126 -1 792 -1088 0 -1 -1 -258 0 620 -1 123 464 728 468 -792 -1 0 -1 612 0 -1 104 -1 -1 819 855 -1 426 -1 -288 405 0 -1 -1 -1 -1 0 -666 -67 0 69 -1 -1 -1 -1 -1 504 0 -1 -1 -200 -1 0 -1 -1 -1 -1 -1 -297 -1 -1 130 -1 -1 -1 144 -1 -1 -1 -1 48 -1 -1 -1 -1 -1 -1
-708 -1225 522 1548 167 1176 840 -978 161 -1127 1422 -308 -1078 -755 -1015 146 -1 -1050 0 -1144 274 -142 127 0 798 -1096 0 655 136 -260 0 -1 1026 124 -1 735 -1 -1 -1 -1 505 -1 0 927 -1 -1 0 828 864 380 -1 -328 -1 -1 0 68 -1 219 144 -1 -1 -68 -1 -1 -1 64 -480 -1 156 513 -1 -1 -1 -1 -1 -1 -1 156 -1 -1 -1 -1 -1 -1 -1 -1 -1 -1 -1 -1 -1 -1 -1 -1 -1 -1 -1 -1 -1 -1
-712 -1232 525 1557 168 1183 845 -984 162 -1134 -1 -310 -1 -760 -1 -1 -1022 -1057 0 -1152 276 -1 128 -1 804 -1104 0 660 137 -262 0 625 1035 -1 468 742 472 -800 805 0 510 618 -1 -1 -1 -1 0 837 -1 384 432 -332 -292 -1 0 69 -288 222 146 -1 -1 -69 -1 -1 -1 65 -1 -1 159 522 0 58 -200 -1 -1 0 0 -1 -1 -1 -1 -1 -1 -1 -1 -1 270 -66 -1 -1 -1 -1 -1 -1 -1 -1 -1 -1 -1 -1
-716 -1239 528 1566 -1 1190 850 -990 163 -1141 1431 -312 -1085 -765 -1022 147 -1029 -1064 0 -1 278 -143 129 -1 -1 -1 -1 -1 -1 -264 0 630 1044 -1 472 749 -1 -808 -1 0 515 624 0 -1 -1 -440 0 -1 -1 -1 438 -1 -296 -1 0 -1 -1 -1 148 0 -1 -1 0 -1 -1 -1 -1 -1 -1 -1 -1 59 -1 -205 -1 -1 -1 -1 -1 -320 -1 -1 -1 -1 -1 -1 -1 -1 -1 -1 -1 -1 -1 -1 -1 -1 -1 4 -1 -1
-720 -1246 531 1575 169 1197 855 -996 164 -1 1440 -1 -1092 -770 -1029 148 -1036 -1071 0 -1160 280 -144 130 0 -1 -1112 0 -1 -1 -266 -1 635 1053 -1 476 -1 -1 -816 812 0 520 -1 -1 -1 -1 -1 -1 -1 873 -1 444 -336 -1 -1 -1 -1 -1 -1 150 -1 -675 -1 0 -1 -1 -1 -488 -1 -1 -1 -1 60 -1 -1 -1 -1 -1 -1 -1 -1 306 -1 -1 -1 -1 -1 -1 -1 152 -1 -1 -1 -1 -1 -1 -1 -1 -1 -1 -1
-724 -1253 534 1584 170 1204 860 -1002 165 -1148 1449 -314 -1099 -1 -1 149 -1043 -1078 0 -1 282 -145 131 -1 810 -1120 0 665 138 -268 0 -1 1062 125 480 756 476 -824 -1 0 525 630 0 -1 -1 -1 0 846 -1 -1 450 -1 -1 -1 0 -1 -1 -1 152 -1 -1 -1 0 -1 -1 -1 -1 -1 -1 -1 -1 -1 -204 -210 -1 0 -1 -1 -156 -1 315 -1 -1 -1 -1 -130 -1 -1 -1 -1 -1 -1 -1 -1 -1 -1 -1 -1 -1 -1
-728 -1260 537 1593 171 1211 865 -1008 166 -1155 1458 -316 -1106 -775 -1036 150 -1050 -1085 0 -1168 284 -146 132 0 816 -1128 -1 670 139 -1 -1 640 1071 -1 484 -1 -1 -1 819 0 530 636 -1 936 105 -1 -1 855 -1 388 456 -1 -1 -1 0 -1 -292 -1 -1 -1 -684 -70 0 -1 -1 -1 -1 -1 162 -1 -1 -1 -1 -1 -1 -1 -1 -1 -160 -1 -1 -1 -1 -1 -1 -1 -1 -72 -1 -1 -1 -1 -1 -1 -1 26 -1 -1 -1 -1
-732 -1267 540 1602 172 1218 870 -1014 167 -1162 1467 -318 -1113 -1 -1 151 -1057 -1092 0 -1176 -1 -1 133 0 822 -1 -1 675 -1 -1 0 645 1080 -1 488 763 -1 -1 -1 -1 535 -1 0 945 106 -1 -1 -1 -1 392 -1 -1 -300 410 0 70 -296 225 -1 0 -693 -71 -1 70 -1 66 -1 -1 -1 531 -1 -1 -1 -1 -1 0 -1 -1 -1 -328 -1 -306 -1 -1 -1 -1 279 -78 -1 -1 -1 -1 -1 -1 -1 -1 -1 -1 -1 -1
-736 -1274 543 1611 173 1225 875 -1020 168 -1169 1476 -320 -1120 -780 -1043 152 -1064 -1 0 -1184 286 -147 134 0 -1 -1136 0 680 -1 -270 -1 650 1089 126 492 770 -1 -832 826 0 -1 642 -1 954 107 -1 -1 864 882 396 -1 -340 -1 -1 -1 71 -300 -1 -1 0 -702 -72 0 -1 66 -1 -496 162 165 -1 0 -1 -1 -1 0 -1 0 -1 -1 -1 -1 -1 -1 -1 -1 -1 -1 -1 -1 -1 -1 -1 -1 -1 -1 -1 -1 -1 -1 -1
-740 -1281 546 1620 174 -1 880 -1026 169 -1176 1485 -322 -1127 -785 -1050 153 -1071 -1099 -1 -1192 288 -148 135 -1 828 -1144 0 -1 140 -272 0 655 1098 127 496 777 -1 -840 833 0 540 648 0 963 -1 -445 0 873 -1 -1 -1 -1 -1 415 -1 -1 -1 -1 154 -1 -1 -1 0 -1 67 -1 -504 165 -1 -1 0 61 -1 -215 -1 -1 -1 -1 -164 -1 324 -315 -1 -1 -1 -1 -1 -1 -1 -1 -1 -1 -1 -1 -1 -1 -1 -1 -1 -1
-744 -1288 549 1629 175 -1 885 -1032 170 -1183 1494 -324 -1134 -790 -1057 154 -1078 -1 -1 -1200 290 -149 136 0 834 -1152 -1 685 141 -274 -1 660 -1 128 500 784 480 -848 -1 0 545 654 -1 -1 -1 -450 0 -1 891 400 -1 -1 -304 420 0 72 -1 -1 156 0 -1 -73 -1 -1 -1 67 -512 168 168 -1 0 -1 -1 -1 -1 -1 -1 -1 -1 -1 -1 -1 -1 -1 -1 -1 -1 -1 160 -1 -1 -1 -1 -1 -1 -1 -1 -1 -1 -1
-748 -1295 552 1638 176 1232 890 -1038 171 -1190 1503 -326 -1 -795 -1064 155 -1085 -1106 -1 -1 292 -150 137 0 840 -1160 -1 -1 -1 -276 0 665 1107 129 -1 -1 484 -1 840 -1 550 660 -1 -1 108 -1 0 -1 -1 -1 -1 -1 -308 425 -1 73 -1 -1 -1 -1 -1 -1 -1 71 -1 68 -1 -1 -1 540 0 -1 -1 -1 -1 0 -1 160 -168 -336 -1 -324 -328 -1 -1 -1 -1 -1 -1 -1 -1 -1 -1 -1 -1 -1 -1 -1 -1 -1
-752 -1302 555 1647 177 1239 895 -1044 172 -1197 1512 -328 -1141 -800 -1071 156 -1092 -1113 0 -1208 294 -151 -1 0 846 -1 -1 690 142 -1 0 670 1116 130 504 -1 -1 -856 847 -1 -1 666 0 972 -1 -1 0 882 900 -1 -1 -344 -1 -1 0 74 -1 -1 -1 -1 -1 -74 0 72 -1 -1 -1 -1 -1 549 -1 62 -208 -1 0 -1 -1 -1 -172 -1 -1 -1 -336 -1 -1 -1 288 -1 -1 -1 -1 -1 0 -1 -1 -1 -1 5 -1 -1
-756 -1309 558 1656 178 1246 900 -1050 173 -1204 1521 -330 -1148 -805 -1078 157 -1099 -1120 0 -1216 -1 -152 -1 0 -1 -1168 0 -1 -1 -278 0 675 1125 131 508 791 488 -1 854 0 -1 672 0 981 109 -455 -1 891 909 -1 462 -348 -1 -1 -1 75 -1 228 158 -1 -1 -1 0 -1 -1 -1 -1 -1 -1 -1 -1 63 -1 -220 -1 -1 0 -1 -1 -344 -1 -1 -344 -132 -1 -1 -1 -1 -1 66 -1 -1 -1 -1 -1 -1 -1 -1 -1 -1
-760 -1316 561 1665 179 1253 905 -1056 174 -1211 1530 -332 -1155 -810 -1085 158 -1106 -1127 0 -1 296 -153 138 0 852 -1176 0 -1 -1 -280 0 680 1134 -1 512 798 -1 -1 -1 -1 555 678 0 990 -1 -1 0 900 -1 404 468 -1 -1 430 -1 -1 -304 -1 160 -1 -1 -75 0 73 -1 69 -1 -1 -1 558 -1 64 -1 -1 -1 -1 0 -1 -1 -1 333 -1 -1 -1 -1 -1 -1 -1 -1 -1 -1 -1 -1 -1 -1 -1 -1 -1 -1 -1
-764 -1323 564 1674 180 1260 910 -1062 175 -1218 1539 -334 -1162 -815 -1 159 -1113 -1134 -1 -1224 298 -154 139 0 858 -1 0 695 143 -282 -1 685 1143 132 -1 805 -1 -1 861 0 560 -1 0 999 -1 -1 0 -1 918 -1 474 -1 -312 -1 -1 76 -308 231 -1 -1 -1 -1 0 74 68 -1 -1 171 171 -1 -1 -1 -1 -1 -1 -1 -1 164 -176 -1 -1 -1 -1 -1 -1 -135 -1 -1 -1 -1 -1 -1 -1 -1 -1 -1 -1 -1 -1 -1
-768 -1330 567 1683 181 1267 -1 -1068 176 -1225 1548 -336 -1169 -820 -1092 160 -1 -1141 0 -1232 -1 -155 140 0 864 -1184 0 700 144 -284 0 -1 1152 -1 516 812 492 -1 -1 -1 565 -1 -1 1008 110 -460 -1 -1 927 -1 -1 -1 -1 -1 0 -1 -1 -1 162 -1 -711 -1 0 -1 -1 70 -520 -1 -1 -1 -1 65 -212 -1 -1 -1 -1 168 -1 -1 -1 -1 -1 -1 -1 -1 297 -84 -1 -1 -1 -1 -1 -1 -1 -1 -1 -1 -1 -1
-772 -1337 570 -1 182 1274 915 -1074 177 -1232 1557 -338 -1176 -825 -1099 161 -1120 -1 0 -1 300 -156 -1 -1 -1 -1192 0 705 145 -286 0 -1 1161 -1 520 819 496 -864 -1 0 570 684 -1 1017 -1 -465 -1 909 -1 408 480 -352 -1 -1 -1 77 -1 -1 -1 -1 -1 -76 0 75 -1 71 -1 -1 -1 -1 0 -1 -1 -1 0 -1 -1 172 -1 -1 342 -1 -1 -1 -1 -1 306 -1 -1 -1 -1 -68 0 -1 39 -1 -1 -1 -1 -1
-776 -1344 573 1692 183 1281 920 -1080 178 -1239 1566 -340 -1183 -830 -1106 162 -1127 -1 0 -1240 302 -157 141 -1 870 -1 0 710 146 -288 0 690 1170 133 524 826 500 -872 -1 -1 575 -1 -1 1026 111 -470 0 -1 936 -1 486 -356 -316 435 -1 -1 -1 -1 -1 0 -720 -1 -1 76 -1 72 -1 174 -1 -1 -1 -1 -1 -225 -1 -1 0 -1 -180 -1 -1 -1 -352 -1 -1 -140 -1 -1 -1 -1 0 -1 -1 -1 -1 -1 -1 -1 -1 -1
-780 -1351 576 1701 184 1288 925 -1086 179 -1246 1575 -1 -1190 -1 -1113 163 -1134 -1148 0 -1248 304 -158 142 0 876 -1 -1 715 -1 -290 0 695 1179 134 528 833 504 -1 868 0 -1 690 0 -1 112 -1 0 -1 945 412 492 -1 -320 440 0 78 -1 234 -1 0 -1 -77 -1 -1 -1 73 -1 177 174 -1 0 -1 -1 -1 0 -1 -1 176 -1 -1 -1 -1 -1 -1 -1 -145 -1 -1 -1 -1 -1 -1 -1 51 -1 -1 -1 -1 -1 -1
-784 -1358 579 1710 185 1295 -1 -1092 180 -1253 1584 -1 -1197 -835 -1120 164 -1141 -1 0 -1256 306 -159 143 0 -1 -1 0 720 147 -1 0 700 -1 135 532 -1 -1 -1 -1 0 580 696 0 -1 -1 -475 0 918 954 416 498 -360 -324 -1 -1 79 -1 237 -1 -1 -1 -1 0 77 69 -1 -1 180 -1 -1 -1 -1 -1 -1 -1 -1 -1 180 -1 -1 -1 -1 -1 -1 135 -1 -1 -1 -1 -1 -1 -1 -1 -1 -1 -1 -1 -1 -1 -1
-788 -1365 582 1719 186 -1 930 -1098 181 -1260 1593 -342 -1204 -840 -1127 -1 -1148 -1 0 -1 -1 -160 144 0 -1 -1200 0 725 148 -292 0 705 1188 -1 536 840 508 -880 875 0 -1 -1 0 -1 -1 -1 0 -1 963 420 -1 -1 -328 445 0 80 -312 -1 164 -1 -729 -1 0 78 -1 74 -1 -1 -1 567 0 -1 -1 -1 0 -1 0 -1 -1 -1 -1 -1 -1 -1 -1 -1 -1 -1 -1 -1 -1 -1 -1 -1 -1 -1 -1 -1 -1 -1
-792 -1372 585 1728 187 1302 935 -1104 182 -1267 1602 -1 -1211 -845 -1134 165 -1155 -1155 0 -1264 308 -1 145 0 882 -1208 0 730 -1 -294 0 -1 1197 -1 540 847 -1 -888 -1 0 585 702 0 -1 113 -1 0 -1 972 424 -1 -1 -332 -1 0 81 -316 240 -1 -1 -1 -78 -1 -1 -1 75 -528 -1 -1 576 0 -1 -1 -1 0 0 -1 -1 -184 -1 -1 -1 -360 -1 -1 -1 -1 -1 -1 -1 -1 -1 -1 -1 -1 -1 -1 -1 -1 -1
-796 -1379 588 1737 188 1309 940 -1110 183 -1274 1611 -344 -1 -850 -1141 -1 -1 -1162 0 -1272 310 -161 146 0 888 -1216 0 735 -1 -1 -1 -1 1206 -1 544 854 -1 -896 -1 -1 -1 -1 -1 -1 114 -480 -1 927 -1 428 -1 -364 -1 450 -1 82 -320 -1 166 -1 -1 -1 -1 79 -1 -1 -536 -1 177 585 -1 -1 -1 -1 0 -1 -1 184 -1 -1 -1 -1 -1 -1 -1 -1 -1 -1 -1 -1 -1 -1 -1 54 -1 -1 -1 -1 -1 -1
-800 -1386 591 1746 189 1316 945 -1116 -1 -1281 1620 -346 -1218 -855 -1148 166 -1162 -1169 0 -1280 312 -1 147 0 894 -1224 -1 740 -1 -1 -1 710 -1 -1 548 861 512 -904 882 0 590 -1 -1 -1 -1 -1 -1 -1 981 432 -1 -368 -336 455 -1 83 -1 243 -1 -1 -738 -79 0 80 70 76 -1 -1 -1 -1 -1 -1 -1 -1 -1 -1 -1 -1 -1 -352 351 -1 -1 -1 -1 -1 315 -1 -1 -1 -1 -1 -1 -1 -1 -1 -1 -1 -1 -1
-804 -1393 -1 1755 190 1323 950 -1122 184 -1288 1629 -348 -1225 -860 -1155 167 -1 -1176 -1 -1288 314 -162 148 0 900 -1232 0 745 149 -296 0 -1 -1 136 -1 868 516 -912 889 -1 -1 708 0 -1 -1 -485 0 936 -1 -1 504 -1 -340 460 0 84 -324 246 168 0 -1 -1 0 -1 -1 77 -544 -1 -1 -1 0 -1 -1 -230 -1 -1 -1 -1 -188 -1 -1 -1 -368 -1 140 -150 -1 -90 -1 -1 -1 -1 -1 -1 -1 -1 -1 -1 -1 -1
-808 -1400 594 1764 191 1330 955 -1128 185 -1295 1638 -350 -1232 -1 -1162 168 -1169 -1183 0 -1296 -1 -1 149 0 906 -1 0 -1 -1 -1 0 -1 1215 137 -1 875 520 -1 896 -1 -1 714 0 -1 -1 -1 -1 945 990 436 510 -1 -344 -1 0 -1 -1 249 -1 0 -1 -80 -1 -1 -1 -1 -1 -1 -1 594 -1 -1 -1 -235 -1 -1 -1 -1 -1 -360 -1 -333 -1 -1 145 -1 -1 -1 -1 -1 -1 -1 -1 -1 -1 -1 -1 -1 -1 -1
-812 -1407 597 1773 192 1337 960 -1134 186 -1302 1647 -352 -1239 -1 -1169 169 -1176 -1 0 -1304 316 -163 150 -1 912 -1240 0 -1 150 -298 0 715 1224 -1 552 882 524 -1 903 0 595 720 0 -1 115 -490 -1 954 -1 440 -1 -1 -348 -1 -1 -1 -328 -1 -1 -1 -1 -1 -1 -1 71 -1 -1 -1 -1 603 0 66 -1 -240 -1 -1 0 -1 -1 -1 360 -1 -1 -136 -1 -1 -1 -1 -1 69 -1 -1 -1 -1 -1 -1 -1 -1 -1 -1
-816 -1414 600 1782 193 1344 965 -1140 187 -1309 1656 -354 -1246 -1 -1176 170 -1183 -1190 0 -1312 318 -164 151 0 918 -1248 0 750 151 -300 0 720 1233 138 -1 889 528 -1 910 0 -1 726 0 -1 116 -495 0 -1 -1 -1 516 -1 -352 -1 -1 85 -1 -1 170 -1 -1 -1 -1 -1 -1 78 -1 183 -1 612 -1 -1 -1 -1 0 -1 -1 188 -1 -1 -1 -1 -1 -1 -1 -155 -1 -1 -1 -1 0 -72 -1 -1 -1 -1 -1 -1 -1 -1
-820 -1421 603 1791 194 1351 970 -1146 188 -1316 1665 -356 -1253 -865 -1183 171 -1190 -1 0 -1320 320 -165 152 0 924 -1256 0 755 152 -302 0 725 1242 139 -1 896 532 -920 -1 0 -1 732 0 -1 117 -500 0 -1 -1 -1 522 -1 -356 465 -1 -1 -332 -1 -1 -1 -1 -1 0 -1 -1 79 -552 186 -1 -1 -1 -1 -216 -1 -1 -1 -1 -1 -192 -1 -1 -342 -1 -1 150 -1 -1 -1 168 72 -1 -1 0 -1 -1 -1 -1 -1 -1 -1
-824 -1428 606 1800 195 1358 975 -1152 189 -1323 1674 -358 -1260 -870 -1190 172 -1197 -1197 0 -1328 322 -166 153 0 930 -1264 0 760 153 -1 0 730 1251 140 556 -1 536 -1 -1 0 -1 -1 -1 1035 118 -505 -1 963 999 444 528 -1 -360 -1 -1 -1 -336 252 172 0 -1 -1 0 -1 -1 80 -1 -1 180 -1 -1 -1 -1 -1 -1 -1 -1 192 -196 -1 -1 -1 -1 -1 -1 -1 -1 -96 -1 -1 -1 -1 -1 -1 -1 -1 -1 -1 -1 -1
-828 -1435 609 1809 196 1365 980 -1158 190 -1330 1683 -360 -1267 -875 -1197 173 -1204 -1204 0 -1336 324 -167 154 0 936 -1272 0 765 154 -304 -1 735 -1 -1 560 903 -1 -928 917 -1 600 738 0 1044 -1 -1 0 972 -1 448 534 -1 -364 470 0 86 -340 255 -1 -1 -747 -1 -1 -1 -1 -1 -1 -1 -1 -1 0 -1 -1 -245 -1 -1 -1 196 -1 -368 -1 -1 -1 -140 -1 -1 -1 -102 176 -1 -1 -1 -1 -1 -1 -1 -1 6 -1 -1
-832 -1442 612 1818 197 1372 985 -1164 -1 -1337 1692 -362 -1274 -880 -1204 174 -1211 -1211 0 -1344 -1 -168 155 -1 942 -1280 0 770 155 -306 -1 740 1260 141 -1 -1 540 -1 -1 0 605 -1 0 -1 -1 -1 -1 981 1008 452 540 -372 -368 475 -1 87 -344 258 174 0 -1 -1 -1 -1 -1 -1 -1 -1 -1 621 -1 -1 -220 -1 -1 0 0 200 -1 -1 -1 -1 -1 -1 -1 -1 324 -108 -1 -1 -1 -76 -1 -1 -1 -1 -1 -1 -1 -1
-836 -1449 615 1827 198 1379 990 -1170 191 -1344 1701 -364 -1281 -885 -1211 175 -1218 -1218 0 -1352 -1 -169 156 0 -1 -1 0 775 -1 -308 0 745 -1 142 564 910 -1 -936 924 0 610 744 0 1053 119 -510 0 -1 1017 -1 546 -1 -1 -1 -1 -1 -348 -1 -1 0 -756 -1 -1 -1 -1 81 -1 189 183 630 -1 -1 -224 -250 0 -1 -1 -1 -1 -376 -1 -1 -1 -144 -1 -1 333 -1 -1 -1 -1 -1 -1 -1 -1 -1 -1 -1 -1 -1
-840 -1456 618 1836 199 1386 995 -1176 192 -1 -1 -366 -1288 -890 -1218 176 -1225 -1225 -1 -1360 326 -170 157 0 948 -1 -1 -1 156 -310 -1 750 1269 143 -1 917 -1 -1 931 0 615 -1 0 -1 -1 -515 0 990 1026 -1 -1 -376 -372 -1 0 -1 -352 -1 -1 0 -1 -81 0 -1 -1 -1 -1 192 186 -1 -1 -1 -1 -1 -1 -1 -1 -1 -200 -1 369 -1 -1 -1 -1 -160 342 -1 -1 -1 -1 -1 -1 -1 -1 -1 -1 -1 -1 -1
-844 -1463 621 1845 200 1393 1000 -1182 193 -1351 1710 -368 -1295 -1 -1225 177 -1232 -1 0 -1368 328 -1 -1 0 -1 -1288 0 -1 157 -1 0 -1 1278 144 -1 924 -1 -944 938 0 620 750 0 -1 -1 -520 0 999 -1 456 552 -1 -376 -1 -1 88 -356 -1 -1 -1 -765 -1 -1 -1 -1 -1 -560 195 189 -1 0 67 -228 -1 -1 -1 0 -1 -1 -384 -1 -1 -1 -1 -1 -1 -1 -1 184 -1 -1 -1 -1 -1 -1 -1 -1 -1 -1 -1
-848 -1470 624 1854 201 1400 1005 -1188 194 -1358 1719 -370 -1302 -895 -1232 178 -1239 -1232 0 -1 330 -171 158 -1 -1 -1296 0 780 -1 -312 0 755 -1 -1 -1 931 544 -952 -1 0 -1 -1 0 1062 -1 -525 -1 1008 1035 460 558 -1 -1 480 0 89 -1 261 -1 -1 -1 -82 0 81 -1 82 -568 -1 -1 -1 0 -1 -1 -255 -1 -1 0 -1 -1 -1 378 -1 -1 -1 -1 -165 -1 -1 -1 -1 -1 -1 -1 -1 -1 -1 -1 -1 -1 -1
-852 -1477 627 1863 202 1407 1010 -1194 195 -1365 1728 -372 -1309 -900 -1239 179 -1246 -1239 -1 -1376 332 -172 -1 0 954 -1304 -1 -1 -1 -314 0 760 -1 145 568 938 -1 -1 -1 -1 625 756 -1 -1 120 -530 0 -1 1044 -1 -1 -380 -380 485 0 90 -360 264 -1 -1 -774 -83 0 -1 -1 -1 -1 198 192 639 -1 68 -232 -1 -1 -1 -1 -1 -1 -392 -1 -1 -1 -1 -1 -1 -1 -1 -1 -1 -1 -1 -1 -1 -1 -1 -1 -1 -1 -1
-856 -1484 630 1872 203 1414 1015 -1200 196 -1372 1737 -1 -1316 -905 -1246 180 -1253 -1246 -1 -1384 334 -173 159 0 960 -1312 -1 785 158 -316 0 765 1287 146 572 -1 -1 -1 945 -1 -1 -1 0 1071 -1 -535 -1 1017 -1 464 564 -1 -384 490 -1 -1 -1 267 176 0 -1 -1 0 -1 -1 -1 -576 -1 -1 -1 -1 -1 -236 -1 -1 -1 -1 -1 -1 -400 -1 -1 -1 -1 155 -1 351 -1 -1 -1 -1 -1 -1 -1 -1 -1 -1 -1 -1 -1
-860 -1491 633 1881 204 1421 1020 -1206 -1 -1379 1746 -374 -1323 -910 -1253 181 -1260 -1253 0 -1392 -1 -174 160 0 -1 -1320 -1 790 159 -318 0 770 1296 147 576 -1 -1 -960 952 0 -1 762 0 -1 -1 -540 -1 -1 1053 -1 -1 -384 -1 495 -1 -1 -364 270 -1 0 -1 -1 -1 -1 -1 83 -1 -1 -1 -1 -1 -1 -1 -1 -1 -1 -1 -1 -204 -1 -1 -1 -376 -148 -1 -1 -1 -114 -1 -1 -1 -1 -1 -1 -1 -1 -1 -1 -1 -1
-864 -1498 636 1890 205 1428 1025 -1212 197 -1386 1755 -376 -1330 -1 -1260 182 -1267 -1260 -1 -1400 336 -175 161 0 -1 -1328 0 795 160 -1 0 775 1305 148 -1 -1 -1 -968 -1 0 630 -1 0 1080 121 -545 0 1026 -1 -1 -1 -388 -388 500 0 -1 -368 -1 178 0 -783 -1 -1 82 -1 84 -1 -1 195 -1 0 -1 -240 -1 -1 -1 -1 -1 -1 -1 387 -351 -1 -1 -1 -1 -1 -1 -1 -1 -1 -1 -1 -1 -1 -1 -1 -1 -1 -1
-868 -1505 639 1899 206 1435 1030 -1218 198 -1393 1764 -1 -1337 -915 -1267 183 -1274 -1267 0 -1 338 -176 162 0 966 -1336 0 800 -1 -320 0 780 1314 149 580 945 -1 -976 959 -1 -1 768 -1 1089 122 -1 -1 -1 -1 468 570 -392 -1 505 0 -1 -372 -1 180 -1 -792 -84 -1 83 72 -1 -584 -1 198 648 -1 69 -1 -260 -1 0 -1 204 -1 -1 396 -1 -1 -152 -1 -170 -1 -120 -1 -1 -1 -80 -1 -1 -1 -1 -1 -1 -1 -1
-872 -1512 -1 1908 207 1442 1035 -1224 199 -1400 1773 -378 -1344 -920 -1274 184 -1281 -1274 0 -1408 340 -177 163 -1 -1 -1344 0 805 161 -1 0 785 -1 150 -1 952 548 -984 966 0 -1 -1 0 1098 123 -1 -1 -1 1062 -1 -1 -1 -392 510 0 91 -1 -1 -1 0 -1 -1 0 -1 73 -1 -1 201 201 -1 -1 -1 -1 -1 -1 0 -1 -1 -1 -1 405 -1 -1 -1 -1 -175 -1 -126 192 -1 -1 -1 -1 -1 -1 -1 -1 -1 -1 -1
-876 -1519 642 1917 208 1449 1040 -1230 200 -1407 1782 -1 -1351 -925 -1 185 -1 -1281 0 -1 342 -178 -1 0 -1 -1352 0 810 162 -322 -1 790 1323 -1 584 959 552 -992 973 0 -1 -1 -1 1107 124 -550 0 1035 1071 472 576 -1 -396 515 0 92 -1 273 -1 -1 -1 -85 0 -1 74 -1 -592 204 204 -1 -1 70 -244 -1 -1 -1 -1 -1 -1 -1 -1 -1 -384 -156 -1 -1 -1 -1 -1 -1 -1 -1 -1 -1 -1 -1 -1 -1 -3 -1
-880 -1526 645 1926 209 1456 1045 -1236 201 -1 1791 -380 -1358 -930 -1281 -1 -1288 -1 0 -1 344 -179 164 0 972 -1360 -1 -1 163 -324 0 795 -1 -1 588 966 556 -1000 -1 0 -1 774 0 1116 125 -1 -1 -1 -1 476 582 -1 -1 520 0 93 -1 -1 182 0 -1 -1 0 84 75 -1 -600 -1 -1 657 -1 -1 -1 -1 0 -1 -1 -1 -1 -1 -1 -360 -1 -1 -1 -1 -1 -132 -1 -1 -1 -1 -1 -1 -1 -1 -1 -1 -1 -1
-884 -1533 648 1935 210 1463 1050 -1242 202 -1414 -1 -382 -1365 -935 -1288 186 -1295 -1288 0 -1416 346 -1 165 -1 978 -1 0 815 164 -326 -1 800 1332 151 592 -1 560 -1008 -1 0 635 -1 -1 -1 -1 -1 0 -1 1080 -1 -1 -1 -1 525 0 94 -1 276 -1 -1 -1 -1 0 -1 76 85 -608 -1 -1 -1 0 71 -248 -1 -1 -1 -1 -1 -1 -408 -1 -1 -1 -1 160 -1 -1 -1 -1 -1 -1 -84 -1 -1 -1 28 -1 -1 -1 -1
-888 -1540 651 1944 211 1470 1055 -1 203 -1 1800 -384 -1372 -940 -1 -1 -1302 -1 0 -1424 348 -180 -1 -1 -1 -1 -1 820 -1 -328 0 805 1341 152 596 973 -1 -1016 980 0 -1 780 0 -1 126 -555 -1 1044 -1 480 -1 -396 -1 530 0 95 -1 -1 -1 -1 -801 -86 0 85 -1 -1 -1 -1 -1 -1 0 -1 -1 -1 -1 -1 0 -1 -1 -1 414 -1 -1 -1 -1 -1 -1 -1 -1 -1 -1 -1 -1 -1 -1 -1 -1 -1 -1 -1
-892 -1547 654 1953 212 1477 1060 -1248 204 -1421 1809 -386 -1379 -945 -1295 187 -1309 -1295 0 -1432 350 -181 166 0 984 -1 -1 825 165 -330 0 810 -1 -1 600 980 -1 -1 987 0 640 786 0 1125 -1 -1 -1 1053 1089 484 588 -400 -1 -1 -1 -1 -1 -1 184 -1 -1 -1 0 86 77 -1 -1 -1 -1 -1 0 72 -1 -1 -1 0 -1 208 -1 -1 -1 -1 -1 -1 -1 -1 -1 -1 200 -1 -1 -1 -1 57 -1 -1 -1 -1 -1 -1
-896 -1554 657 1962 213 1484 1065 -1254 205 -1428 1818 -388 -1386 -950 -1302 188 -1316 -1 0 -1440 352 -182 167 0 -1 -1368 0 830 166 -332 0 -1 1350 153 604 987 564 -1 994 0 645 792 0 1134 127 -560 0 -1 1098 488 -1 -1 -1 535 -1 96 -1 -1 -1 0 -810 -87 -1 -1 -1 -1 -1 207 -1 -1 -1 -1 -1 -1 0 -1 -1 -1 -1 -1 423 -1 -1 -1 -1 -1 360 -1 -1 -1 0 -1 -1 -1 -1 -1 -1 -1 -1 -1
-900 -1561 660 1971 214 1491 1070 -1260 206 -1435 1827 -390 -1 -955 -1309 189 -1323 -1302 0 -1448 354 -183 -1 0 -1 -1 -1 835 -1 -334 0 815 1359 154 608 994 -1 -1 1001 0 650 -1 -1 -1 128 -565 0 1062 -1 -1 -1 -1 -400 540 -1 97 -376 -1 -1 0 -819 -1 0 -1 -1 -1 -616 210 207 -1 -1 -1 -1 -1 -1 -1 -1 -1 -1 -1 -1 -1 -392 -1 165 -180 -1 -1 -1 -1 -1 -1 -1 -1 42 -1 -1 -1 -1 -1
-904 -1568 663 1980 215 1498 1075 -1266 207 -1442 1836 -392 -1 -1 -1316 190 -1330 -1 0 -1456 356 -184 168 0 990 -1376 -1 -1 167 -336 0 820 1368 155 -1 1001 568 -1024 -1 -1 -1 798 0 -1 -1 -1 0 -1 1107 -1 594 -1 -404 -1 -1 -1 -1 -1 186 0 -1 -88 0 -1 78 -1 -1 213 -1 -1 0 73 -1 -265 -1 -1 -1 -1 -1 -1 -1 -1 -1 -1 -1 -1 -1 -138 -1 -1 0 -1 -1 -1 -1 -1 -1 -1 -1 -1
-908 -1575 666 1989 216 1505 1080 -1272 208 -1449 1845 -394 -1393 -960 -1323 191 -1 -1309 0 -1464 358 -1 -1 0 996 -1384 0 840 168 -338 0 825 1377 -1 -1 -1 572 -1032 1008 -1 655 -1 -1 -1 -1 -570 -1 1071 1116 -1 600 -404 -408 545 -1 98 -380 279 188 -1 -828 -1 0 -1 79 86 -1 -1 210 666 -1 -1 -252 -1 -1 0 -1 -1 -1 -1 -1 -1 -1 -1 -1 -1 -1 -1 -1 -1 -1 -1 0 -1 -1 -1 -1 -1 -4 -1
-912 -1582 669 1998 217 1512 1085 -1278 209 -1456 1854 -396 -1400 -1 -1 192 -1337 -1316 0 -1 360 -185 169 -1 1002 -1392 0 845 -1 -1 -1 830 1386 156 -1 -1 -1 -1040 1015 0 660 -1 -1 -1 -1 -575 0 -1 -1 492 606 -408 -1 -1 0 99 -384 282 -1 0 -837 -1 0 -1 -1 -1 -1 -1 -1 -1 0 -1 -1 -1 -1 -1 -1 -1 -1 -1 -1 -1 -1 -1 -1 -1 -1 -1 -1 -1 -1 -1 -1 -1 45 -1 -1 -1 -5 -1
-916 -1589 672 2007 218 1519 1090 -1 210 -1 1863 -398 -1407 -965 -1330 193 -1344 -1323 0 -1472 362 -186 -1 0 1008 -1400 -1 850 169 -340 0 -1 1395 -1 612 1008 -1 -1048 -1 -1 -1 -1 0 -1 129 -580 0 1080 -1 496 612 -412 -412 -1 -1 100 -1 285 -1 0 -1 -89 -1 -1 -1 -1 -1 -1 -1 -1 0 -1 -1 -1 -1 -1 0 212 -1 -1 -1 -1 -1 -1 -1 -1 -1 -1 -1 -1 -1 -88 -1 -1 -1 -1 -1 -1 -1 -1
-920 -1596 675 2016 219 1526 1095 -1284 211 -1463 1872 -400 -1414 -1 -1337 194 -1351 -1 0 -1480 364 -187 170 0 -1 -1 0 855 170 -342 -1 -1 -1 -1 -1 1015 576 -1056 -1 0 665 804 -1 1143 130 -585 0 1089 -1 500 -1 -416 -416 -1 0 -1 -1 288 -1 -1 -1 -1 0 87 80 -1 -1 216 213 -1 0 -1 -1 -1 -1 0 -1 216 -1 -1 -1 -1 -1 -1 -1 -1 -1 -1 -1 -1 -1 -1 -1 -1 -1 -1 -1 -1 -1 -1
-924 -1603 678 2025 220 1533 1100 -1290 212 -1470 1881 -402 -1421 -970 -1 195 -1 -1330 0 -1488 366 -188 171 0 -1 -1408 0 860 171 -344 0 -1 1404 157 -1 1022 580 -1 -1 -1 670 810 -1 1152 131 -1 0 1098 1125 504 618 -420 -1 -1 -1 101 -388 291 190 -1 -1 -1 -1 88 81 -1 -1 219 -1 675 -1 -1 -1 -270 -1 -1 -1 -1 -1 -1 432 -1 -400 -1 -1 -1 -1 -1 -1 75 -1 -92 -1 -1 -1 -1 -1 -1 -1 -1
-928 -1610 681 -1 221 1540 1105 -1296 213 -1477 1890 -404 -1428 -975 -1344 196 -1358 -1337 0 -1496 368 -189 172 0 1014 -1416 -1 -1 172 -346 -1 835 1413 -1 -1 1029 -1 -1 1022 -1 675 816 -1 -1 132 -590 0 1107 -1 -1 -1 -424 -1 550 -1 102 -392 -1 192 -1 -846 -1 -1 -1 82 -1 -624 -1 216 684 0 -1 -1 -1 0 0 -1 -1 -1 -416 441 -1 -1 -1 -1 -1 -1 -1 -1 -1 -1 -1 -1 -1 48 -1 -1 -1 -1 -1
-932 -1617 684 2034 -1 1547 1110 -1302 214 -1484 1899 -1 -1435 -980 -1351 197 -1365 -1344 0 -1504 370 -190 173 0 1020 -1424 0 865 173 -348 0 -1 -1 -1 -1 1036 584 -1064 -1 0 680 -1 0 1161 -1 -1 -1 1116 1134 -1 624 -1 -420 -1 0 103 -1 294 194 -1 -1 -90 -1 -1 83 -1 -1 -1 -1 693 -1 -1 -1 -1 -1 0 0 220 -1 -1 -1 -369 -1 -1 -1 -1 -1 -1 208 -1 -1 -1 -1 -1 -1 -1 -1 -1 -1 -1
-936 -1624 687 2043 222 1554 1115 -1308 215 -1491 1908 -406 -1442 -985 -1358 198 -1 -1351 0 -1512 372 -1 174 -1 1026 -1432 0 870 174 -350 0 840 -1 158 616 1043 588 -1072 -1 0 -1 -1 -1 -1 133 -1 -1 1125 -1 -1 630 -1 -1 -1 0 -1 -1 -1 196 0 -1 -1 -1 89 -1 87 -1 222 -1 702 0 -1 -1 -275 -1 -1 0 224 -208 -1 -1 -1 -1 -1 -1 -1 -1 -1 -1 -1 -1 -1 -1 -1 -1 -1 -1 7 -1 -1
-940 -1631 690 2052 223 1561 -1 -1 -1 -1498 1917 -408 -1449 -990 -1365 199 -1372 -1358 0 -1 374 -191 175 0 1032 -1 0 -1 175 -1 0 -1 1422 -1 -1 1050 592 -1080 1029 0 685 -1 0 -1 134 -595 0 1134 -1 508 -1 -428 -1 -1 -1 104 -1 297 -1 0 -855 -1 -1 90 84 -1 -632 225 -1 711 -1 -1 -1 -280 -1 -1 0 -1 -212 -1 -1 -378 -1 -1 -1 -1 -1 -1 -1 -1 0 -1 -1 -1 -1 -1 -1 -1 -1 -1
-944 -1638 693 2061 -1 1568 1120 -1314 216 -1505 1926 -410 -1456 -995 -1372 -1 -1379 -1365 0 -1520 376 -1 -1 0 1038 -1440 0 875 176 -352 0 845 1431 159 -1 -1 -1 -1088 -1 0 690 822 0 -1 -1 -600 -1 -1 1143 512 -1 -1 -424 -1 0 105 -1 300 -1 0 -1 -1 -1 -1 -1 88 -640 -1 219 720 -1 74 -1 -1 -1 -1 -1 -1 -1 -1 -1 -1 -1 -1 -1 -1 -1 -1 216 -1 -1 -1 -1 -1 -1 -1 -1 -1 -1 -1
-948 -1645 696 2070 224 1575 1125 -1320 -1 -1512 1935 -412 -1463 -1000 -1379 -1 -1 -1372 0 -1 378 -1 -1 0 1044 -1448 0 880 177 -354 0 850 1440 -1 620 1057 596 -1096 1036 -1 695 828 0 1170 -1 -605 -1 -1 1152 516 -1 -1 -428 -1 -1 -1 -1 -1 -1 0 -864 -91 -1 -1 85 -1 -1 -1 -1 -1 0 75 -1 -285 -1 -1 -1 -1 -1 -1 450 -1 -1 -1 -1 -1 -1 -1 -1 -1 -1 -1 -1 -1 -1 -1 -1 -1 -1 -1
-952 -1652 699 2079 225 1582 1130 -1326 217 -1519 1944 -414 -1 -1005 -1386 200 -1386 -1379 0 -1528 380 -192 176 0 1050 -1 0 885 178 -356 -1 -1 1449 -1 624 -1 -1 -1 1043 -1 700 834 -1 -1 -1 -610 0 1143 -1 -1 -1 -1 -1 555 -1 106 -1 -1 -1 -1 -873 -92 -1 91 -1 -1 -648 228 222 729 0 -1 -1 -1 -1 -1 0 -1 -1 -1 -1 -1 -1 -1 -1 -1 -1 -1 -1 -1 -1 -1 -1 -1 -1 -1 -1 -1 -1 -1
-956 -1659 702 2088 226 1589 1135 -1332 218 -1526 1953 -416 -1470 -1010 -1393 201 -1393 -1386 0 -1 382 -193 177 0 1056 -1456 -1 890 -1 -1 0 -1 1458 160 628 1064 -1 -1104 -1 -1 705 840 0 -1 135 -615 0 -1 -1 520 -1 -432 -432 -1 0 -1 -1 -1 -1 -1 -1 -93 0 -1 -1 89 -656 -1 -1 -1 -1 76 -256 -1 -1 -1 -1 -1 -216 -1 -1 -1 -1 -1 -1 -1 369 -1 -1 -1 -1 -1 -1 -1 -1 -1 -1 -1 -1 -1
-960 -1666 705 2097 227 1596 1140 -1338 219 -1533 1962 -418 -1477 -1015 -1 202 -1400 -1393 0 -1536 -1 -194 178 0 1062 -1464 0 895 -1 -1 0 -1 -1 161 632 1071 600 -1112 1050 0 710 -1 0 1179 136 -1 0 1152 -1 -1 -1 -436 -436 -1 0 -1 -396 303 -1 0 -1 -94 -1 -1 -1 90 -1 -1 225 -1 -1 -1 -260 -290 -1 -1 -1 228 -1 -1 -1 -1 -1 -1 -1 -1 -1 -1 -1 -1 -1 -1 -1 -1 -1 -1 -1 -1 -1 -1
-964 -1673 708 2106 228 1603 1145 -1 -1 -1540 1971 -1 -1484 -1020 -1400 203 -1407 -1400 0 -1544 384 -195 -1 0 1068 -1472 -1 900 179 -1 0 855 -1 -1 636 1078 604 -1120 1057 -1 -1 846 -1 1188 137 -1 0 1161 -1 -1 -1 -440 -1 560 -1 -1 -1 306 198 -1 -882 -1 0 -1 -1 91 -1 231 -1 -1 -1 -1 -1 -295 -1 0 -1 -1 -1 -1 -1 -1 -408 -1 -1 -1 -1 -1 -1 -1 -1 -1 -1 -1 -1 -1 -1 -1 -1 -1
-968 -1680 711 2115 229 1610 1150 -1344 220 -1547 1980 -420 -1491 -1025 -1407 204 -1414 -1407 0 -1552 386 -196 -1 0 -1 -1 -1 905 -1 -358 -1 860 -1 162 -1 1085 608 -1 -1 -1 715 852 -1 1197 -1 -1 -1 1170 1161 524 636 -444 -1 -1 -1 -1 -1 309 200 -1 -1 -1 -1 -1 -1 -1 -664 234 228 -1 -1 77 -1 -300 -1 -1 -1 -1 -1 -1 -1 -1 -416 -1 -1 -185 -1 -1 224 -1 -1 -1 -1 -1 -1 -1 -1 -1 -1 -1
-972 -1687 714 2124 230 1617 1155 -1350 221 -1554 1989 -422 -1498 -1030 -1414 205 -1421 -1414 0 -1 388 -197 -1 0 1074 -1480 0 -1 -1 -360 0 865 1467 163 -1 -1 612 -1 1064 0 720 858 0 1206 -1 -620 0 1179 -1 528 -1 -1 -440 565 -1 107 -400 -1 -1 0 -1 -95 -1 92 86 92 -672 237 -1 738 0 -1 -1 -305 0 -1 -1 -1 -1 -1 459 -1 -1 -160 -1 -1 -1 -1 -1 -1 -1 -1 -1 -1 -1 -1 -1 -1 -1 -1
-976 -1694 717 2133 231 -1 1160 -1356 -1 -1561 1998 -424 -1505 -1035 -1421 206 -1428 -1421 0 -1560 390 -198 179 -1 1080 -1 -1 -1 -1 -1 0 870 1476 164 640 1092 -1 -1128 1071 -1 725 -1 -1 -1 -1 -1 0 -1 1170 532 -1 -448 -444 570 -1 -1 -404 -1 -1 0 -1 -96 -1 -1 -1 93 -1 -1 -1 747 -1 78 -264 -310 -1 -1 -1 -1 -1 -424 -1 -1 -1 -1 -1 -190 -1 -1 -1 -1 -1 -1 0 -1 -1 -1 -1 -1 -1 -1
-980 -1701 720 2142 232 1624 1165 -1362 222 -1568 2007 -426 -1512 -1 -1428 207 -1435 -1428 0 -1568 -1 -199 180 0 1086 -1488 0 -1 -1 -362 0 875 1485 165 644 -1 -1 -1136 -1 0 -1 864 0 1215 -1 -625 0 -1 -1 -1 642 -1 -448 -1 -1 -1 -408 312 -1 -1 -891 -1 0 93 -1 94 -680 240 -1 -1 0 -1 -268 -1 0 -1 -1 232 -1 -432 468 -1 -1 -164 170 -1 -1 -1 232 -1 -1 -1 -1 -1 -1 -1 -1 -1 -1 -1
-984 -1708 723 2151 233 -1 1170 -1368 223 -1575 2016 -1 -1519 -1040 -1435 -1 -1442 -1435 0 -1576 -1 -200 181 0 1092 -1496 0 910 -1 -1 0 880 1494 -1 648 1099 -1 -1144 1078 0 730 -1 0 1224 138 -630 -1 -1 1179 -1 -1 -452 -452 -1 0 -1 -412 -1 -1 -1 -900 -1 -1 -1 87 95 -1 -1 231 -1 -1 -1 -272 -1 -1 -1 -1 -1 -220 -1 -1 -1 -424 -1 -1 -1 -1 -1 240 -1 -1 -1 -1 60 51 -1 -1 -1 -1 -1
-988 -1715 726 2160 234 1631 1175 -1374 224 -1582 2025 -428 -1526 -1045 -1442 208 -1449 -1442 0 -1584 392 -201 182 0 1098 -1504 -1 -1 180 -1 0 -1 -1 166 652 -1 -1 -1152 1085 0 -1 -1 0 1233 -1 -1 0 1188 -1 536 648 -456 -456 -1 0 108 -1 315 202 -1 -909 -97 0 -1 -1 96 -1 -1 234 -1 -1 -1 -276 -1 -1 0 0 -1 -224 -1 -1 -1 -432 -1 175 -1 -1 -144 -1 78 0 -1 -1 -1 -1 -1 -1 -1 -1 -1
-992 -1722 729 2169 235 1638 1180 -1380 225 -1 2034 -430 -1533 -1050 -1449 209 -1456 -1 -1 -1592 394 -202 183 0 1104 -1 0 915 -1 -364 -1 -1 1503 167 656 -1 616 -1160 -1 0 735 870 0 1242 -1 -1 -1 -1 1188 -1 654 -1 -460 -1 0 109 -1 -1 204 -1 -1 -98 0 -1 -1 -1 -1 243 -1 -1 -1 -1 -1 -1 0 0 -1 -1 -1 -1 -1 -1 -1 -1 -1 -195 -1 -1 -1 -1 -1 -1 -1 -1 -1 -1 -1 -1 -1 -1
-996 -1729 732 2178 236 1645 -1 -1386 226 -1589 -1 -432 -1540 -1055 -1456 210 -1463 -1449 0 -1600 -1 -1 184 -1 -1 -1 -1 920 181 -1 0 885 1512 -1 660 1106 620 -1168 -1 0 740 876 -1 1251 139 -635 -1 1197 -1 540 -1 -1 -464 -1 -1 -1 -416 318 -1 -1 -918 -99 0 -1 88 97 -1 -1 237 756 -1 -1 -1 -315 -1 -1 0 -1 -228 -1 -1 -1 -440 -1 -1 -1 378 -1 -1 -1 -1 -1 -1 -1 -1 -1 -1 -1 -1 -1
