1 2 3 4 5 6 7 8 9 10 11 12 13 14 15 16 17 18 19 20 21 22 23 24 25 26 27 28 29 30 31 32 33 34 35 36 37 38 39 40 41 42 43 44 45 46 47 48 49 50
0 7 0 -4 -26 7 -31 -10 2 6 -4 -27 -19 9 -1 -1 -1 -1 -2 18 35 -49 -1 49 -1 -1 -1 -39 -1 -1 -1 42 -1 47 -1 -1 25 -1 -1 -1 -1 -1 -1 -1 -1 -41 -1 -1 -1 -1
-9 4 -7 -2 -3 3 -9 -1 -1 1 -7 -1 -1 6 4 29 -1 -7 -3 2 9 -5 -1 -1 29 -8 -1 -1 -1 -1 -30 4 -1 0 -1 -1 -1 -1 -1 -19 -1 -1 -1 -1 -1 -1 -1 -1 -1 -1
-18 8 -1 -4 -6 6 -18 -2 4 2 -14 -2 -5 12 2 -1 -1 -4 -6 -1 -1 -10 -1 1 -1 -5 44 -9 -20 -1 -1 -1 -1 -1 -1 0 3 -1 48 -1 -30 -1 -1 -1 -1 -4 -1 -1 -1 -1
-27 12 -14 -6 -1 -1 -27 -3 8 3 -21 -3 -10 18 4 3 -43 -8 -9 -1 -1 -1 -1 -1 1 -10 -1 -1 -6 3 -1 -1 -1 -1 -1 -2 -1 -1 -1 -1 -6 -1 -1 -1 -1 -1 -1 -1 -1 -1
-36 16 -21 -8 -9 9 -1 -4 12 4 -28 -4 -15 -1 6 6 -1 -1 -12 4 18 -15 -18 2 2 -15 1 -1 -12 0 -3 -1 -1 -1 -1 -4 -1 -1 -1 -1 -12 -1 -1 -1 -1 -8 -1 -1 -1 -1
-45 20 -28 -10 -12 12 -1 -5 16 5 -35 -5 -20 24 8 9 -7 -12 -1 6 -1 -20 -1 -1 3 -1 2 -1 -18 -1 -6 -1 -1 -1 -1 -1 -1 -1 -1 -1 -1 -1 -1 -1 -1 -1 -1 -1 -1 -1
-54 24 -35 -12 -15 15 -36 -6 20 6 -42 -6 -25 30 10 12 -1 -16 -15 -1 27 -1 -7 3 -1 -20 3 -1 -1 -1 -1 8 -1 0 -1 -1 -1 -1 0 -1 -18 3 -1 26 -1 -1 -33 -1 -1 -1
-63 28 -42 -14 -18 -1 -45 -7 24 7 -49 -7 -1 36 12 15 -1 -1 -18 8 36 -25 -14 4 -1 -25 -1 -1 -1 -1 -9 -1 -43 0 27 -1 -1 1 -1 -7 -1 -1 -1 -1 34 -1 -1 -1 -1 -1
-72 32 -49 -16 -21 18 -54 -8 28 -1 -56 -1 -30 -1 14 18 -14 -20 -21 -1 45 -30 -21 -1 -1 -1 4 -1 -1 0 -1 -1 -1 0 -1 -1 -1 -1 0 -1 -1 -1 -1 -1 -1 -1 -1 -1 -1 -1
-81 36 -56 -18 -24 21 -1 -9 32 8 -63 -8 -1 -1 16 -1 -21 -24 -1 -1 54 -1 -28 -1 4 -30 5 -1 -24 -1 -1 -1 -1 0 -1 -1 -1 -1 -1 -1 -1 -1 -1 1 -1 -1 -9 -1 -1 -1
-90 40 -63 -20 -27 24 -63 -10 36 9 -70 -9 -1 42 18 21 -1 -28 -1 -1 -1 -35 -1 5 5 -1 6 -1 -1 0 -1 -1 -1 0 -1 -1 6 -1 -1 -1 -1 -1 -1 -1 -1 -1 -1 -1 -1 -1
-99 44 -70 -22 -30 -1 -72 -11 40 10 -77 -10 -1 48 -1 -1 -28 -32 -24 -1 63 -40 -1 -1 -1 -35 7 -1 -30 0 -1 12 -1 0 3 -1 -1 -1 -1 -1 -1 -1 -20 2 -1 -1 -1 -1 -1 -1
-108 48 -77 -24 -33 27 -81 -12 44 11 -84 -11 -35 54 20 24 -1 -36 -27 -1 -1 -1 -35 6 6 -40 -1 -18 -36 0 -1 16 -2 0 6 -6 9 -1 -1 -1 -1 -1 -1 3 -1 -1 -1 -1 -1 -1
-117 52 -84 -26 -36 30 -1 -13 48 12 -91 -12 -40 -1 22 27 -1 -40 -1 10 72 -1 -42 -1 7 -45 8 -27 -42 -1 -12 -1 -1 0 -1 -8 -1 -1 -1 -14 -1 3 -1 -1 -1 -1 -1 -1 -1 -1
-126 56 -91 -28 -39 33 -90 -14 52 13 -98 -1 -45 -1 24 30 -35 -44 -30 12 81 -1 -49 -1 -1 -1 -1 -1 -1 -1 -1 -1 -1 0 9 -10 -1 -1 -1 -1 -24 -1 -1 -1 -1 -1 -1 -1 -1 -1
-135 60 -98 -30 -42 -1 -1 -15 56 14 -1 -1 -50 -1 26 33 -42 -1 -1 14 90 -1 -56 -1 8 -1 9 -36 -48 -1 -15 -1 -3 0 -1 -12 12 -1 0 -1 -1 -1 -1 4 -1 -12 -1 -1 -1 -1
-144 64 -105 -32 -45 36 -99 -16 60 15 -105 -13 -55 -1 28 -1 -49 -48 -33 -1 99 -45 -63 -1 9 -1 -1 -45 -1 -1 -1 -1 -1 -1 12 -14 -1 7 -1 -21 -1 -1 -1 -1 8 -1 -1 -1 -1 -1
-153 68 -112 -34 -48 39 -108 -17 64 16 -112 -14 -60 60 30 36 -56 -52 -36 -1 108 -1 -70 -1 10 -1 -1 -1 -54 0 -18 -1 -1 0 -1 -1 -1 14 -1 -1 -1 6 -2 -1 -1 -1 -1 -1 -1 -1
-162 72 -119 -36 -51 42 -117 -18 68 17 -119 -1 -1 66 32 39 -63 -56 -39 -1 -1 -50 -77 -1 -1 -50 10 -54 -1 0 -1 20 -1 -1 -1 -16 -1 -1 -1 -1 -1 -1 -3 -1 -1 -1 -1 -1 -1 -1
-171 76 -126 -38 -54 45 -126 -19 72 18 -126 -15 -65 -1 34 42 -70 -1 -1 -1 -1 -55 -84 -1 11 -55 11 -63 -1 -1 -21 -1 -1 -1 -1 -1 15 -1 -1 -1 -1 -1 -1 -1 -1 -1 -1 -1 -1 -1
-180 80 -133 -40 -57 48 -135 -20 76 19 -133 -16 -70 72 -1 45 -1 -60 -42 -1 -1 -1 -1 -1 -1 -1 12 -72 -60 0 -1 -1 -4 -1 15 -1 -1 21 -1 -1 -30 -1 -1 -1 -1 -1 -1 -1 -1 -1
-189 84 -140 -42 -60 51 -144 -21 80 20 -140 -1 -75 78 36 48 -77 -1 -1 16 117 -1 -1 -1 -1 -1 -1 -1 -66 0 -1 -1 -1 -1 -1 -18 -1 -1 -1 -1 -36 -1 -1 -1 -1 -1 -1 -1 -1 -1
-198 88 -147 -44 -63 54 -153 -22 84 21 -1 -17 -1 84 38 -1 -1 -1 -45 -1 126 -60 -1 7 12 -1 13 -81 -1 0 -24 -1 -1 0 -1 -1 18 28 -1 -1 -42 -1 -1 -1 -1 -1 -18 -1 -1 -1
-207 92 -154 -46 -66 57 -162 -23 88 22 -147 -18 -80 90 40 -1 -84 -64 -48 18 -1 -65 -91 8 13 -1 14 -1 -1 0 -1 -1 -5 0 -1 -1 -1 35 -1 -1 -48 -1 -1 -1 -1 -16 -27 -1 -1 -1
-216 96 -161 -48 -69 60 -171 -24 92 23 -154 -19 -85 -1 42 -1 -1 -68 -51 20 135 -70 -98 9 14 -60 15 -1 -72 0 -1 -1 -1 -1 18 -1 -1 -1 -1 -1 -1 -1 -1 -1 -1 -1 -1 -1 -1 -1
-225 100 -168 -50 -72 63 -180 -25 96 24 -161 -20 -90 96 44 -1 -91 -72 -1 22 -1 -75 -105 -1 15 -65 -1 -1 -1 -1 -27 24 -6 0 -1 -1 21 -1 -1 -1 -1 -1 -1 -1 -1 -1 -1 -1 -1 -1
-234 104 -175 -52 -75 66 -189 -26 -1 25 -168 -1 -95 102 46 51 -1 -1 -54 -1 -1 -1 -112 10 16 -1 -1 -90 -1 0 -30 28 -1 0 -1 -20 24 -1 0 -1 -54 -1 -1 -1 16 -1 -1 -1 -1 -1
-243 108 -182 -54 -78 69 -198 -1 100 26 -175 -21 -1 -1 -1 54 -98 -1 -57 -1 144 -80 -119 11 -1 -70 16 -1 -78 -1 -1 -1 -1 0 21 -22 -1 42 -1 -1 -1 -1 -1 5 -1 -1 -1 -1 -1 -1
-252 112 -189 -56 -81 72 -1 -27 104 27 -182 -22 -100 108 48 57 -105 -1 -60 24 153 -85 -126 -1 17 -1 17 -99 -84 -1 -33 -1 -7 0 24 -1 27 -1 0 -1 -1 -1 -4 -1 -1 -1 -1 -1 -1 -1
-261 116 -196 -58 -84 75 -207 -28 108 -1 -189 -23 -105 114 50 60 -112 -76 -63 -1 162 -1 -133 12 -1 -1 18 -108 -90 -1 -36 -1 -8 0 -1 -24 -1 -1 -1 -1 -60 -1 -1 -1 -1 -1 -1 -1 -1 -1
-270 120 -203 -60 -87 78 -216 -29 112 28 -196 -24 -110 -1 -1 63 -119 -1 -66 26 -1 -90 -1 -1 18 -1 -1 -117 -96 0 -1 32 -1 -1 27 -1 -1 -1 0 -1 -66 -1 -1 -1 -1 -1 -1 -1 -1 -1
-279 124 -210 -62 -90 81 -225 -1 -1 -1 -203 -25 -115 120 52 66 -1 -1 -69 28 171 -95 -1 13 19 -1 -1 -1 -102 -1 -39 -1 -9 -1 30 -26 -1 49 -1 -28 -1 -1 -1 -1 -1 -1 -1 -1 -1 3
-288 128 -217 -64 -93 84 -1 -30 116 29 -210 -26 -120 126 54 69 -1 -80 -72 30 -1 -1 -1 -1 -1 -75 19 -1 -1 -1 -42 36 -1 0 -1 -28 30 -1 -1 -1 -1 -1 -1 -1 -1 -1 -1 -1 -1 -1
-297 132 -224 -66 -96 87 -234 -31 120 30 -217 -27 -125 132 56 -1 -126 -84 -75 -1 180 -1 -140 14 -1 -1 20 -126 -108 0 -45 -1 -1 -1 -1 -1 -1 -1 -1 -1 -1 9 -1 -1 -1 -1 -1 -1 -1 -1
-306 136 -231 -68 -99 90 -243 -32 124 31 -224 -28 -1 138 -1 72 -1 -88 -78 32 -1 -100 -147 -1 20 -80 21 -1 -114 0 -1 40 -1 -1 -1 -1 -1 56 0 -1 -1 12 -1 6 -1 -1 -1 -1 -1 -1
-315 140 -238 -70 -102 93 -252 -33 128 32 -231 -29 -130 144 58 75 -133 -92 -81 34 -1 -1 -1 -1 21 -85 -1 -135 -120 0 -1 -1 -1 0 -1 -1 -1 -1 0 -35 -1 15 -1 -1 -1 -1 -1 -1 -1 -1
-324 144 -245 -72 -105 96 -261 -34 132 -1 -1 -1 -1 150 60 78 -140 -96 -84 36 -1 -105 -154 15 22 -90 -1 -1 -1 0 -48 -1 -10 -1 33 -1 33 -1 -1 -1 -1 -1 -1 -1 -1 -1 -1 -1 -1 -1
-333 148 -252 -74 -108 99 -270 -35 136 33 -238 -30 -135 156 62 81 -147 -100 -87 38 189 -110 -1 -1 23 -95 -1 -1 -1 -1 -51 44 -1 -1 36 -1 -1 -1 -1 -42 -1 18 -5 -1 -1 -1 -1 -1 -1 -1
-342 152 -259 -76 -111 102 -279 -36 140 34 -1 -31 -140 162 -1 84 -154 -104 -1 40 -1 -115 -1 16 24 -100 22 -1 -126 0 -54 48 -11 -1 -1 -1 36 -1 0 -1 -1 -1 -1 7 -1 -20 -1 -1 -1 -1
-351 156 -266 -78 -114 105 -288 -37 -1 -1 -1 -32 -145 -1 64 -1 -161 -108 -90 -1 198 -120 -1 17 25 -1 23 -144 -132 0 -1 -1 -12 -1 39 -1 39 63 -1 -1 -1 -1 -1 -1 -1 -1 -36 -1 -1 -1
-360 160 -273 -80 -117 108 -1 -38 144 35 -245 -33 -150 168 66 87 -168 -1 -1 42 207 -125 -161 -1 -1 -105 -1 -1 -138 -1 -1 -1 -1 -1 42 -30 42 -1 -1 -1 -1 -1 -1 -1 -1 -1 -45 -1 -1 -1
-369 164 -280 -82 -120 111 -297 -39 148 36 -252 -34 -155 174 -1 -1 -1 -112 -93 -1 216 -130 -168 -1 -1 -1 -1 -1 -1 0 -57 -1 -1 -1 -1 -1 -1 -1 -1 -1 -1 -1 -1 8 -1 -24 -1 -1 -1 -1
-378 168 -287 -1 -123 114 -306 -40 152 37 -259 -35 -160 180 -1 -1 -175 -116 -1 -1 -1 -135 -1 -1 -1 -110 -1 -153 -144 -1 -1 52 -13 -1 -1 -1 -1 -1 0 -1 -1 -1 -1 -1 -1 -1 -1 -1 -1 -1
-387 172 -294 -84 -126 117 -315 -41 156 38 -266 -36 -165 186 68 90 -182 -1 -1 44 -1 -140 -1 18 -1 -1 -1 -1 -150 0 -1 -1 -1 -1 45 -1 45 70 -1 -49 -1 -1 -1 9 -1 -1 -1 -1 -1 -1
-396 176 -301 -86 -129 120 -324 -42 160 -1 -273 -1 -170 192 -1 -1 -189 -120 -1 46 225 -145 -175 -1 -1 -115 -1 -1 -1 0 -1 56 -14 -1 -1 -1 -1 -1 -1 -1 -1 21 -1 -1 -1 -1 -1 -1 -1 -1
-405 180 -308 -88 -132 123 -333 -1 164 39 -1 -1 -1 198 70 93 -196 -1 -1 48 -1 -150 -182 19 -1 -120 -1 -1 -156 -1 -1 -1 -1 0 -1 -32 -1 -1 -1 -1 -1 -1 -1 -1 -1 -1 -1 -1 -1 -1
-414 184 -315 -90 -135 126 -342 -43 168 40 -280 -37 -1 204 72 -1 -203 -1 -96 -1 -1 -155 -1 20 26 -125 -1 -162 -162 0 -1 -1 -1 0 48 -1 -1 -1 -1 -1 -72 -1 -6 -1 -1 -1 -54 -1 -1 -1
-423 188 -322 -92 -138 129 -351 -44 172 41 -287 -38 -1 210 -1 96 -210 -124 -99 -1 -1 -1 -1 -1 -1 -130 24 -171 -1 0 -1 -1 -1 -1 -1 -1 -1 -1 -1 -56 -78 -1 -1 -1 -1 -1 -1 -23 -1 -1
-432 192 -329 -94 -141 132 -360 -45 176 42 -294 -39 -175 216 74 99 -217 -128 -1 50 -1 -160 -1 21 27 -135 25 -180 -168 0 -1 -1 -15 0 -1 -1 -1 -1 -1 -1 -84 24 -1 10 -1 -1 -1 -1 -1 -1
-441 196 -336 -96 -144 135 -369 -46 180 43 -301 -40 -1 222 76 102 -224 -132 -102 -1 234 -165 -189 -1 28 -1 -1 -1 -174 -1 -1 -1 -1 0 -1 -1 -1 -1 -1 -1 -1 27 -1 -1 -1 -1 -1 -1 -1 -1
-450 200 -343 -98 -147 138 -378 -47 -1 -1 -308 -41 -180 228 78 105 -231 -1 -105 52 -1 -170 -1 22 29 -1 -1 -189 -180 0 -1 -1 -16 -1 -1 -1 -1 -1 0 -1 -90 -1 -1 -1 -1 -1 -63 -1 -1 -1
-459 204 -350 -100 -150 141 -387 -48 184 44 -315 -42 -1 234 80 108 -238 -1 -1 54 243 -175 -196 23 30 -1 26 -198 -186 0 -60 60 -17 -1 -1 -34 -1 -1 -1 -63 -1 -1 -1 -1 -1 -1 -1 -1 -1 -1
-468 208 -357 -102 -153 144 -396 -1 -1 45 -322 -43 -185 240 82 -1 -245 -136 -108 56 -1 -180 -1 -1 -1 -140 27 -1 -1 0 -63 -1 -1 0 51 -1 -1 -1 -1 -70 -96 -1 -1 -1 24 -1 -1 -1 -1 -1
-477 212 -364 -104 -156 147 -405 -49 188 -1 -329 -44 -190 246 -1 -1 -252 -140 -111 58 252 -1 -203 -1 -1 -145 -1 -207 -1 -1 -1 64 -1 0 54 -1 -1 -1 0 -1 -1 -1 -1 -1 -1 -1 -1 -1 -1 -1
-486 216 -371 -106 -159 -1 -414 -50 192 46 -336 -1 -195 252 84 111 -1 -144 -114 60 -1 -185 -210 24 31 -150 -1 -216 -192 -1 -1 68 -18 -1 57 -1 -1 -1 -1 -77 -1 -1 -1 -1 -1 -28 -1 -1 -1 -1
-495 220 -378 -108 -162 150 -423 -51 196 -1 -343 -45 -1 258 -1 -1 -259 -148 -1 -1 -1 -190 -1 -1 -1 -155 -1 -1 -198 -1 -1 72 -1 0 -1 -36 -1 -1 -1 -1 -1 30 -1 -1 -1 -1 -1 -1 -1 -1
-504 224 -385 -110 -165 153 -432 -52 200 47 -350 -46 -200 264 -1 114 -266 -152 -117 62 261 -1 -217 25 -1 -1 28 -225 -204 -1 -1 76 -19 -1 -1 -1 -1 -1 0 -1 -1 -1 -1 -1 -1 -1 -1 -1 -1 -1
-513 228 -392 -112 -168 156 -441 -53 -1 48 -1 -47 -1 -1 -1 117 -273 -1 -120 64 270 -195 -1 -1 -1 -160 29 -234 -1 -1 -1 80 -1 -1 -1 -1 48 -1 -1 -1 -1 -1 -1 -1 -1 -1 -1 -1 -1 -1
-522 232 -399 -114 -171 159 -450 -54 204 49 -1 -48 -205 -1 86 120 -1 -156 -1 66 279 -200 -224 -1 32 -165 -1 -243 -1 0 -66 -1 -20 0 -1 -1 -1 77 -1 -1 -1 -1 -1 -1 32 -1 -1 -1 -1 -1
-531 236 -406 -116 -1 162 -459 -55 208 50 -357 -49 -1 270 88 -1 -280 -160 -123 68 288 -1 -231 26 33 -1 30 -1 -1 0 -1 84 -21 -1 -1 -38 -1 -1 -1 -1 -1 -1 -7 -1 -1 -1 -1 -1 -1 -1
-540 240 -413 -118 -174 165 -1 -56 212 -1 -364 -50 -210 276 90 123 -287 -1 -1 70 -1 -205 -238 27 34 -170 31 -252 -1 0 -69 -1 -1 0 -1 -1 -1 -1 0 -84 -102 33 -1 11 40 -32 -1 -1 -1 -1
-549 244 -420 -120 -177 168 -468 -57 216 51 -371 -1 -215 -1 -1 -1 -294 -164 -1 72 -1 -1 -1 28 35 -175 32 -261 -210 0 -1 -1 -22 0 -1 -40 -1 -1 -1 -91 -1 -1 -1 -1 -1 -1 -1 -1 -1 -1
-558 248 -427 -1 -180 171 -477 -1 220 52 -378 -51 -220 282 92 126 -301 -1 -126 74 -1 -210 -245 -1 -1 -180 -1 -1 -216 -1 -1 88 -1 -1 -1 -42 -1 -1 -1 -1 -1 -1 -1 -1 -1 -1 -1 -1 -1 -1
-567 252 -434 -122 -183 174 -486 -58 -1 -1 -385 -1 -1 288 94 129 -1 -168 -1 76 -1 -215 -252 -1 -1 -1 33 -270 -222 -1 -1 92 -1 -1 -1 -44 -1 -1 -1 -1 -1 -1 -1 -1 -1 -1 -1 -1 -1 -1
-576 256 -441 -124 -186 -1 -495 -59 224 53 -392 -52 -1 294 96 -1 -1 -172 -129 -1 -1 -1 -259 29 -1 -1 34 -1 -228 -1 -1 -1 -23 -1 -1 -1 51 -1 -1 -1 -1 36 -8 -1 -1 -1 -1 -1 -1 -1
-585 260 -448 -126 -189 177 -504 -60 228 54 -399 -53 -225 300 98 132 -308 -1 -132 78 297 -220 -1 -1 36 -185 -1 -279 -234 0 -1 96 -24 -1 -1 -1 -1 84 -1 -1 -108 -1 -1 -1 -1 -1 -1 -1 -1 -1
-594 264 -455 -128 -192 180 -1 -61 232 -1 -406 -54 -230 -1 100 -1 -315 -1 -135 80 -1 -225 -266 30 37 -1 35 -288 -1 -1 -72 -1 -25 -1 -1 -1 -1 -1 -1 -1 -1 -1 -1 -1 -1 -1 -1 -1 -1 -1
-603 268 -462 -130 -195 183 -513 -62 -1 55 -1 -55 -235 306 102 135 -322 -1 -138 82 306 -1 -1 -1 -1 -190 -1 -1 -240 0 -75 -1 -26 0 -1 -46 -1 -1 -1 -98 -1 -1 -1 -1 -1 -1 -1 -1 -1 -1
-612 272 -469 -132 -1 186 -522 -63 236 56 -413 -1 -240 312 -1 138 -329 -176 -141 84 -1 -230 -273 31 38 -1 36 -297 -1 -1 -78 -1 -1 -1 -1 -48 54 91 -1 -1 -1 -1 -1 -1 48 -1 -1 -1 -1 -1
-621 276 -476 -134 -198 189 -531 -64 240 57 -420 -56 -245 318 -1 141 -336 -180 -1 -1 315 -235 -280 32 -1 -1 37 -1 -246 0 -1 -1 -1 -1 -1 -1 57 98 -1 -105 -1 -1 -9 -1 -1 -1 -1 -1 -1 -1
-630 280 -483 -136 -201 192 -540 -65 244 58 -427 -57 -250 324 104 144 -1 -184 -1 86 324 -1 -287 33 39 -1 38 -306 -1 0 -1 -1 -1 -1 60 -1 -1 -1 -1 -1 -1 -1 -1 -1 -1 -1 -1 -1 -1 -1
-639 284 -490 -138 -204 195 -1 -66 248 59 -434 -58 -255 -1 106 147 -1 -188 -144 88 -1 -240 -294 34 40 -1 -1 -1 -252 -1 -1 100 -1 0 -1 -50 -1 -1 -1 -1 -114 -1 -10 -1 -1 -1 -1 -1 -1 -1
-648 288 -497 -140 -207 198 -549 -67 252 60 -441 -59 -260 -1 -1 150 -1 -192 -1 90 333 -245 -1 -1 -1 -1 -1 -315 -1 -1 -1 -1 -1 -1 -1 -1 -1 105 -1 -1 -1 -1 -1 -1 -1 -1 -1 -1 -1 -1
-657 292 -504 -1 -210 201 -558 -68 256 61 -448 -60 -265 -1 108 153 -343 -1 -147 92 342 -1 -301 35 -1 -195 39 -324 -258 -1 -81 -1 -27 -1 63 -1 60 -1 -1 -112 -1 -1 -1 12 -1 -1 -1 -1 -1 -1
-666 296 -511 -142 -213 204 -567 -69 -1 62 -455 -61 -270 330 110 -1 -350 -196 -1 94 351 -1 -1 36 41 -200 -1 -1 -1 -1 -84 104 -28 -1 66 -1 -1 112 -1 -1 -1 -1 -11 -1 -1 -1 -1 -1 -1 -1
-675 300 -518 -144 -1 207 -1 -70 260 63 -462 -62 -275 336 112 156 -357 -1 -150 96 360 -1 -308 37 -1 -205 -1 -333 -264 -1 -87 -1 -29 -1 -1 -1 -1 119 0 -1 -1 -1 -1 -1 -1 -36 -72 -1 -1 -1
-684 304 -525 -146 -216 210 -576 -71 264 64 -469 -63 -280 -1 -1 -1 -364 -200 -153 98 -1 -1 -315 38 -1 -210 40 -1 -1 0 -90 108 -1 0 -1 -1 -1 -1 -1 -1 -1 -1 -1 -1 -1 -1 -1 -1 -1 -1
-693 308 -532 -148 -219 213 -585 -72 268 -1 -476 -64 -1 342 -1 159 -371 -1 -156 100 -1 -1 -1 39 -1 -1 41 -1 -1 0 -93 112 -1 -1 -1 -1 -1 -1 -1 -119 -1 -1 -1 -1 -1 -1 -1 -1 -1 -1
-702 312 -539 -150 -222 216 -594 -73 272 65 -483 -65 -285 -1 114 162 -1 -204 -159 102 -1 -250 -1 -1 42 -1 42 -1 -1 0 -96 -1 -30 0 -1 -52 -1 -1 -1 -1 -1 39 -1 13 -1 -1 -1 -1 -1 3
-711 316 -546 -152 -225 -1 -603 -1 276 66 -490 -66 -290 -1 116 165 -378 -208 -162 104 -1 -255 -1 40 -1 -1 -1 -1 -270 -1 -99 116 -1 0 -1 -1 -1 -1 0 -1 -120 -1 -1 14 -1 -1 -1 -1 -1 -1
-720 320 -553 -1 -228 219 -612 -74 280 67 -497 -1 -295 348 118 168 -1 -212 -165 106 -1 -1 -322 -1 43 -1 43 -342 -1 0 -102 120 -1 0 -1 -1 63 126 -1 -1 -1 -1 -1 -1 56 -1 -1 -1 -1 -1
-729 324 -560 -1 -231 222 -621 -75 284 68 -504 -67 -1 354 120 -1 -1 -216 -168 -1 369 -1 -1 -1 44 -215 44 -1 -1 -1 -105 -1 -1 -1 -1 -1 -1 133 0 -1 -1 -1 -1 15 -1 -1 -1 -1 -15 -1
-738 328 -567 -154 -234 225 -630 -76 288 69 -511 -68 -300 360 122 171 -385 -220 -171 -1 378 -260 -329 41 45 -1 -1 -1 -276 0 -108 -1 -31 -1 69 -54 -1 -1 -1 -1 -1 -1 -1 16 -1 -1 -1 -1 -1 -1
-747 332 -574 -156 -237 -1 -639 -77 292 70 -1 -69 -305 366 124 174 -392 -224 -1 108 -1 -1 -1 42 -1 -220 45 -351 -1 -1 -1 124 -1 0 -1 -56 -1 -1 0 -1 -1 -1 -1 17 64 -1 -1 -1 -1 -1
-756 336 -581 -158 -240 228 -648 -78 296 71 -518 -70 -310 372 126 177 -1 -1 -174 110 387 -1 -336 -1 -1 -225 46 -1 -282 0 -1 128 -1 0 72 -1 -1 -1 -1 -126 -1 42 -1 18 -1 -1 -1 -1 -1 -1
-765 340 -588 -160 -1 231 -657 -79 300 72 -525 -71 -315 378 128 180 -399 -228 -177 -1 396 -1 -1 43 46 -1 47 -360 -1 -1 -111 -1 -32 0 75 -1 -1 -1 -1 -1 -1 -1 -1 -1 -1 -1 -1 -1 -1 -1
-774 344 -595 -162 -243 234 -666 -80 304 73 -532 -72 -320 -1 130 183 -1 -1 -1 -1 405 -1 -343 -1 -1 -230 48 -1 -1 -1 -114 -1 -1 -1 78 -58 -1 -1 0 -1 -1 -1 -12 -1 -1 -1 -1 -4 -1 -1
-783 348 -1 -164 -246 237 -675 -81 -1 74 -539 -73 -1 384 132 186 -1 -232 -180 112 -1 -265 -1 -1 47 -235 49 -369 -1 -1 -117 132 -1 -1 81 -1 -1 -1 -1 -133 -126 45 -1 19 72 -40 -1 -1 -1 -1
-792 352 -602 -166 -249 -1 -684 -82 308 75 -546 -1 -1 390 134 -1 -406 -236 -183 114 414 -270 -1 44 48 -1 50 -1 -288 0 -1 136 -33 -1 -1 -1 -1 -1 -1 -1 -1 -1 -1 -1 -1 -1 -1 -1 -1 -1
-801 356 -609 -168 -252 240 -1 -83 312 76 -553 -74 -1 -1 136 -1 -413 -1 -186 116 423 -275 -350 -1 -1 -240 51 -1 -294 -1 -1 -1 -1 -1 -1 -1 66 -1 -1 -1 -1 -1 -1 -1 -1 -1 -1 -1 -1 -1
-810 -1 -616 -170 -255 243 -693 -84 316 77 -560 -75 -1 396 138 -1 -1 -240 -189 118 432 -280 -357 45 49 -1 52 -1 -1 0 -1 140 -1 -1 -1 -1 69 -1 -1 -1 -1 -1 -1 20 -1 -1 -1 -1 -1 -1
-819 360 -623 -172 -1 246 -702 -85 320 78 -567 -76 -325 -1 140 189 -420 -1 -1 -1 -1 -1 -1 46 50 -245 53 -378 -300 -1 -1 144 -34 0 84 -1 -1 -1 -1 -1 -1 -1 -1 -1 -1 -1 -1 -8 -1 -1
-828 364 -630 -174 -258 249 -711 -86 324 79 -574 -1 -1 -1 142 192 -427 -1 -1 -1 -1 -285 -1 47 51 -250 54 -387 -1 0 -1 -1 -35 -1 87 -1 -1 -1 -1 -1 -1 48 -1 -1 -1 -1 -1 -1 -1 -1
-837 368 -637 -176 -261 252 -1 -87 328 -1 -581 -77 -1 -1 -1 195 -434 -244 -1 120 -1 -1 -1 -1 -1 -1 -1 -1 -306 -1 -120 148 -1 -1 -1 -1 -1 -1 -1 -1 -1 -1 -1 -1 -1 -1 -81 -1 -1 6
-846 372 -644 -178 -264 255 -720 -88 332 80 -1 -78 -1 -1 -1 -1 -1 -1 -1 -1 441 -290 -1 48 -1 -255 55 -1 -1 -1 -1 -1 -36 0 90 -1 -1 -1 -1 -1 -1 -1 -1 -1 -1 -1 -1 -1 -1 -1
-855 376 -651 -180 -267 258 -729 -1 336 81 -1 -79 -1 402 144 -1 -441 -248 -192 122 450 -1 -1 49 52 -1 -1 -1 -312 -1 -1 152 -1 -1 -1 -60 -1 -1 -1 -1 -132 -1 -13 21 -1 -1 -1 -1 -1 -1
-864 380 -658 -182 -270 261 -738 -1 340 82 -1 -80 -330 408 146 198 -448 -1 -195 -1 459 -1 -364 50 53 -1 -1 -1 -318 -1 -1 -1 -37 -1 93 -1 -1 -1 -1 -1 -1 -1 -1 22 -1 -1 -1 -1 -1 -1
-873 384 -665 -184 -273 264 -747 -89 -1 83 -1 -81 -335 414 148 201 -455 -1 -1 -1 468 -1 -371 -1 54 -1 56 -1 -1 -1 -1 156 -38 0 96 -1 72 -1 0 -1 -138 -1 -1 -1 -1 -1 -90 -1 -1 -1
-882 388 -1 -186 -276 -1 -756 -1 344 84 -588 -82 -340 420 -1 -1 -1 -252 -1 -1 -1 -295 -1 -1 55 -1 57 -1 -1 -1 -123 -1 -39 0 99 -1 -1 -1 0 -1 -1 -1 -14 -1 -1 -1 -1 -1 -1 -1
-891 392 -672 -188 -279 267 -765 -1 348 85 -595 -83 -1 426 150 -1 -462 -1 -1 124 477 -300 -378 -1 -1 -260 58 -1 -324 -1 -1 -1 -1 -1 102 -62 -1 -1 -1 -1 -1 -1 -1 -1 -1 -1 -1 -1 -1 -1
-900 396 -679 -190 -282 -1 -1 -90 352 -1 -602 -84 -345 432 -1 204 -1 -1 -198 -1 486 -1 -385 51 -1 -265 -1 -396 -1 -1 -1 160 -40 -1 105 -1 -1 -1 -1 -140 -1 -1 -1 23 -1 -1 -1 -1 -4 -1
-909 400 -686 -192 -285 270 -1 -91 -1 86 -1 -85 -350 438 152 207 -1 -256 -201 -1 -1 -305 -392 -1 56 -270 -1 -1 -1 0 -126 -1 -41 -1 -1 -1 -1 -1 -1 -147 -1 51 -15 24 -1 -1 -1 -12 -1 -1
-918 404 -693 -194 -288 273 -774 -92 -1 87 -609 -86 -355 -1 154 210 -469 -260 -1 -1 495 -1 -399 -1 57 -1 -1 -405 -330 -1 -1 -1 -42 -1 -1 -1 -1 -1 -1 -1 -1 -1 -1 -1 -1 -1 -1 -16 -1 -1
-927 408 -700 -196 -291 276 -1 -93 356 88 -616 -87 -1 444 156 -1 -1 -1 -204 126 -1 -1 -406 -1 58 -1 -1 -1 -336 -1 -1 -1 -43 0 -1 -1 -1 -1 0 -1 -1 -1 -1 -1 -1 -44 -1 -1 -1 -1
-936 412 -707 -198 -294 279 -783 -94 360 89 -623 -88 -360 450 158 213 -1 -264 -207 -1 -1 -310 -1 -1 59 -275 -1 -1 -1 0 -129 -1 -44 -1 108 -64 75 -1 -1 -1 -1 -1 -1 -1 -1 -1 -1 -1 -8 -1
-945 416 -714 -200 -297 282 -792 -95 -1 90 -630 -89 -365 456 -1 216 -476 -1 -210 128 504 -1 -413 -1 -1 -1 -1 -414 -1 -1 -132 -1 -1 0 -1 -1 -1 -1 0 -1 -1 -1 -1 -1 -1 -1 -1 -20 -1 -1
-954 420 -721 -1 -300 285 -801 -1 364 91 -637 -1 -370 462 160 219 -1 -1 -213 130 -1 -315 -420 52 60 -280 -1 -1 -1 0 -1 164 -1 0 -1 -1 -1 140 0 -1 -1 -1 -16 -1 80 -1 -1 -1 -1 -1
-963 424 -728 -202 -303 -1 -810 -96 368 -1 -644 -90 -375 468 162 222 -483 -1 -1 132 -1 -320 -1 -1 -1 -285 -1 -1 -1 0 -1 -1 -1 0 111 -1 -1 -1 -1 -154 -1 54 -17 -1 -1 -1 -1 -1 -1 -1
-972 428 -735 -204 -306 -1 -819 -97 -1 92 -1 -91 -380 474 164 225 -490 -1 -1 134 513 -325 -427 53 -1 -1 -1 -1 -342 0 -135 168 -1 -1 -1 -1 -1 -1 0 -1 -1 57 -18 -1 88 -1 -99 -1 -12 -1
-981 432 -742 -206 -309 288 -828 -1 372 93 -1 -92 -385 480 166 -1 -1 -268 -1 -1 -1 -330 -434 54 61 -1 -1 -1 -348 0 -1 172 -45 -1 -1 -1 -1 -1 -1 -1 -1 -1 -19 -1 96 -48 -1 -1 -1 -1
-990 436 -749 -208 -312 291 -837 -98 376 94 -651 -93 -390 486 168 228 -1 -1 -216 136 522 -1 -441 55 -1 -290 -1 -423 -1 -1 -1 -1 -46 -1 114 -1 -1 -1 0 -1 -1 -1 -1 -1 -1 -52 -1 -1 -1 -1
-999 440 -756 -210 -315 294 -846 -99 -1 95 -658 -94 -395 492 170 231 -497 -272 -219 -1 -1 -335 -448 -1 -1 -295 -1 -432 -354 0 -1 -1 -1 -1 -1 -1 -1 147 -1 -1 -1 -1 -1 -1 -1 -1 -1 -1 -1 -1
-1008 444 -763 -212 -318 297 -855 -1 380 -1 -665 -95 -400 498 172 234 -504 -276 -222 -1 531 -340 -1 56 62 -1 59 -1 -1 -1 -138 -1 -47 -1 -1 -1 -1 -1 -1 -161 -1 -1 -1 -1 -1 -1 -1 -1 -1 -1
-1017 448 -770 -214 -321 300 -864 -100 384 96 -672 -1 -405 -1 174 -1 -511 -280 -225 -1 540 -345 -455 -1 -1 -1 60 -1 -1 0 -1 -1 -1 -1 117 -66 78 154 -1 -1 -1 -1 -20 -1 104 -1 -1 -1 -1 -1
-1026 452 -777 -216 -324 303 -873 -1 388 97 -679 -96 -410 -1 176 -1 -518 -1 -1 -1 -1 -1 -1 -1 63 -300 -1 -441 -1 0 -141 176 -1 -1 120 -1 81 -1 -1 -1 -1 -1 -1 -1 -1 -1 -1 -1 -1 -1
-1035 456 -784 -218 -327 306 -882 -101 392 98 -686 -97 -415 504 178 237 -525 -284 -1 138 549 -1 -462 57 64 -305 -1 -450 -1 0 -1 -1 -1 0 -1 -1 -1 -1 -1 -1 -1 60 -1 -1 -1 -56 -1 -1 -1 -1
-1044 460 -791 -220 -330 309 -891 -102 396 99 -693 -98 -1 510 180 240 -532 -1 -228 -1 558 -350 -1 -1 65 -1 -1 -1 -360 0 -144 180 -1 -1 -1 -1 -1 -1 0 -1 -1 -1 -1 -1 -1 -1 -1 -1 -1 -1
-1053 464 -798 -222 -333 312 -900 -103 400 100 -700 -1 -420 516 182 -1 -539 -288 -231 140 567 -1 -469 58 -1 -1 -1 -459 -1 -1 -1 184 -1 0 123 -1 -1 161 -1 -168 -1 -1 -1 -1 -1 -1 -1 -1 -1 -1
-1062 468 -805 -224 -336 315 -909 -104 -1 101 -707 -1 -425 522 -1 243 -546 -292 -1 142 576 -1 -476 -1 66 -310 -1 -1 -1 -1 -1 188 -48 -1 -1 -68 -1 -1 -1 -175 -1 -1 -1 -1 -1 -1 -108 -1 -1 -1
-1071 472 -812 -226 -339 318 -918 -105 404 -1 -714 -99 -430 528 -1 246 -553 -1 -234 144 585 -355 -1 -1 67 -315 61 -468 -366 -1 -1 -1 -1 0 -1 -1 -1 -1 -1 -182 -1 -1 -1 -1 -1 -1 -1 -1 -16 -1
-1080 476 -819 -228 -342 321 -927 -106 408 102 -721 -100 -1 534 184 249 -560 -296 -237 146 594 -360 -483 59 -1 -1 -1 -1 -372 -1 -147 192 -49 -1 126 -1 -1 -1 -1 -1 -1 -1 -1 -1 -1 -1 -1 -1 -1 -1
-1089 480 -826 -230 -345 324 -1 -107 412 103 -728 -101 -435 -1 186 252 -1 -1 -240 148 -1 -365 -1 -1 -1 -1 62 -477 -1 0 -150 -1 -1 -1 129 -1 -1 -1 -1 -1 -1 -1 -1 -1 -1 -1 -1 -1 -1 -1
-1098 484 -833 -232 -348 327 -936 -1 416 -1 -735 -102 -440 540 188 255 -567 -300 -1 150 -1 -1 -490 60 -1 -320 63 -486 -1 0 -153 -1 -50 -1 132 -70 -1 168 -1 -1 -1 -1 -1 25 -1 -1 -1 -1 -1 -1
-1107 488 -1 -1 -351 330 -1 -1 420 104 -1 -103 -445 -1 -1 -1 -574 -1 -243 152 603 -370 -497 -1 68 -1 -1 -1 -378 -1 -1 -1 -51 0 -1 -1 84 175 0 -1 -1 -1 -1 -1 -1 -60 -1 -1 -1 -1
-1116 492 -840 -234 -354 333 -1 -108 424 105 -742 -104 -450 546 190 258 -1 -304 -1 -1 612 -375 -504 -1 69 -1 -1 -1 -1 -1 -156 -1 -52 -1 -1 -1 -1 -1 -1 -189 -1 -1 -1 26 -1 -1 -1 -1 -1 -1
-1125 496 -847 -236 -357 336 -945 -1 428 106 -749 -1 -455 552 192 261 -581 -308 -246 154 621 -380 -511 61 70 -1 64 -1 -1 0 -1 -1 -53 -1 -1 -72 87 -1 -1 -1 -144 -1 -21 -1 112 -1 -1 -1 -1 -1
-1134 500 -854 -238 -360 339 -954 -109 -1 107 -1 -105 -460 -1 194 264 -1 -312 -249 156 -1 -1 -518 62 71 -325 -1 -1 -384 -1 -159 196 -1 0 -1 -74 -1 -1 -1 -196 -1 -1 -1 -1 -1 -1 -1 -1 -1 -1
-1143 504 -861 -240 -363 342 -963 -110 432 108 -756 -1 -465 558 -1 267 -588 -316 -252 -1 -1 -1 -1 63 -1 -330 -1 -1 -1 -1 -1 -1 -1 -1 -1 -1 90 -1 -1 -203 -1 63 -22 -1 -1 -1 -1 -1 -1 -1
-1152 508 -868 -242 -366 345 -972 -111 436 109 -763 -1 -1 564 196 270 -595 -1 -255 158 -1 -385 -1 -1 72 -335 65 -495 -1 0 -1 -1 -54 -1 -1 -1 -1 -1 -1 -1 -1 -1 -1 -1 -1 -1 -1 -1 -1 -1
-1161 512 -875 -244 -369 348 -981 -112 440 110 -770 -106 -1 570 198 273 -602 -1 -258 160 -1 -1 -1 -1 73 -340 -1 -1 -390 -1 -1 -1 -1 -1 135 -1 -1 -1 -1 -210 -1 -1 -1 -1 -1 -1 -117 -1 -1 -1
-1170 516 -882 -246 -372 351 -990 -113 444 -1 -1 -107 -470 -1 -1 276 -609 -1 -261 -1 -1 -1 -525 -1 -1 -1 66 -1 -396 -1 -1 -1 -1 -1 -1 -76 93 -1 -1 -1 -150 -1 -1 -1 -1 -1 -126 -1 -1 -1
-1179 520 -889 -248 -1 354 -999 -114 448 111 -777 -108 -1 576 200 279 -616 -320 -264 -1 630 -390 -1 -1 -1 -345 -1 -1 -1 -1 -1 200 -1 -1 -1 -1 -1 -1 -1 -1 -1 -1 -1 27 -1 -1 -1 -1 -1 -1
-1188 524 -896 -250 -375 357 -1 -115 452 -1 -1 -109 -1 582 202 282 -1 -324 -267 -1 -1 -395 -532 -1 74 -1 67 -504 -402 -1 -1 204 -55 0 -1 -1 96 -1 -1 -1 -1 -1 -23 -1 120 -1 -1 -1 -1 -1
-1197 528 -903 -252 -378 360 -1008 -1 456 -1 -784 -110 -475 -1 204 285 -1 -1 -270 -1 -1 -1 -539 -1 75 -350 68 -1 -408 0 -1 -1 -1 -1 138 -1 -1 -1 -1 -1 -1 -1 -24 -1 -1 -1 -1 -1 -1 -1
-1206 532 -910 -254 -381 363 -1017 -116 460 -1 -1 -111 -480 588 206 288 -1 -1 -1 162 639 -1 -546 64 -1 -355 69 -513 -1 -1 -162 208 -1 -1 -1 -78 -1 -1 -1 -1 -1 66 -1 -1 -1 -1 -135 -1 -1 -1
-1215 536 -917 -256 -1 366 -1026 -117 -1 112 -791 -1 -485 594 208 291 -623 -328 -1 -1 -1 -400 -553 65 -1 -1 -1 -1 -1 0 -1 212 -56 0 -1 -1 -1 -1 0 -1 -1 -1 -1 -1 -1 -1 -1 -1 -1 -1
-1224 540 -924 -258 -1 369 -1035 -118 464 113 -1 -112 -490 600 210 294 -630 -332 -273 164 648 -405 -1 -1 76 -1 -1 -1 -414 0 -1 216 -1 0 -1 -80 -1 -1 -1 -1 -156 -1 -1 -1 -1 -1 -1 -24 -1 -1
-1233 544 -931 -260 -384 372 -1044 -119 468 114 -1 -113 -1 606 -1 297 -1 -1 -276 166 657 -1 -1 66 -1 -1 70 -522 -1 -1 -1 220 -1 -1 -1 -1 -1 -1 0 -1 -1 -1 -1 -1 -1 -1 -1 -1 -1 -1
-1242 548 -938 -262 -387 375 -1 -1 472 115 -798 -114 -495 612 212 300 -637 -336 -1 -1 666 -410 -1 67 -1 -360 71 -531 -1 -1 -165 -1 -1 -1 -1 -1 -1 -1 -1 -1 -1 -1 -1 28 -1 -1 -1 -1 -1 -1
-1251 552 -945 -264 -390 378 -1053 -120 476 116 -1 -115 -500 618 214 303 -1 -1 -1 168 675 -415 -560 68 77 -1 -1 -1 -1 0 -1 -1 -1 -1 -1 -1 -1 -1 -1 -217 -1 -1 -1 29 -1 -1 -1 -1 -1 -1
-1260 556 -952 -266 -393 381 -1 -121 480 117 -805 -116 -505 -1 -1 306 -1 -340 -1 170 -1 -420 -567 -1 78 -365 -1 -540 -420 0 -168 -1 -1 0 -1 -82 -1 -1 -1 -1 -162 -1 -25 30 -1 -1 -1 -1 -1 -1
-1269 560 -959 -268 -396 384 -1062 -122 484 118 -812 -117 -510 -1 -1 -1 -1 -1 -279 172 684 -425 -1 69 79 -370 -1 -549 -1 0 -1 -1 -57 -1 -1 -1 -1 -1 0 -1 -1 69 -1 -1 -1 -1 -1 -1 -1 -1
-1278 564 -966 -270 -399 387 -1071 -123 488 119 -1 -118 -1 624 216 -1 -1 -344 -282 174 -1 -430 -574 -1 -1 -375 72 -1 -1 -1 -171 -1 -1 -1 -1 -1 -1 -1 -1 -1 -1 72 -1 -1 -1 -1 -1 -1 -1 -1
-1287 568 -973 -272 -402 390 -1080 -124 492 120 -819 -119 -515 630 218 309 -1 -348 -285 176 -1 -1 -1 -1 80 -380 73 -1 -426 0 -1 -1 -1 -1 -1 -1 -1 182 -1 -1 -1 -1 -26 -1 -1 -1 -1 -1 -1 -1
-1296 572 -980 -274 -405 393 -1089 -125 496 121 -826 -120 -520 636 220 312 -644 -1 -1 178 693 -435 -1 -1 81 -385 74 -558 -432 0 -1 -1 -1 -1 -1 -84 -1 -1 -1 -224 -1 -1 -1 -1 -1 -64 -1 -1 -1 -1
-1305 576 -987 -276 -1 -1 -1098 -126 500 122 -833 -1 -525 642 -1 315 -651 -352 -1 180 702 -1 -581 70 82 -390 -1 -567 -438 0 -1 224 -1 -1 141 -1 -1 189 -1 -1 -1 -1 -27 -1 128 -1 -1 -1 -1 -1
-1314 580 -994 -278 -408 396 -1107 -1 504 123 -840 -121 -530 -1 222 318 -658 -356 -288 -1 711 -440 -1 71 -1 -395 -1 -576 -1 -1 -174 -1 -1 -1 -1 -1 -1 196 0 -1 -1 75 -1 -1 -1 -1 -1 -1 -1 -1
-1323 584 -1001 -280 -1 399 -1116 -127 -1 -1 -1 -122 -535 -1 224 321 -665 -360 -1 -1 -1 -1 -588 72 83 -400 75 -585 -444 0 -177 -1 -58 0 -1 -1 -1 -1 -1 -231 -1 -1 -1 -1 -1 -68 -1 -1 -1 -1
-1332 588 -1008 -1 -411 -1 -1125 -128 508 124 -847 -123 -540 648 -1 -1 -672 -364 -1 182 720 -1 -595 -1 84 -405 76 -1 -1 0 -1 -1 -59 0 144 -1 -1 -1 -1 -1 -1 -1 -1 -1 -1 -72 -1 -1 -1 -1
-1341 592 -1015 -282 -1 402 -1134 -129 512 125 -854 -124 -545 654 -1 324 -679 -1 -1 -1 -1 -1 -602 -1 -1 -410 -1 -1 -1 -1 -180 -1 -1 -1 -1 -86 99 -1 -1 -238 -168 -1 -28 -1 -1 -1 -1 -1 -1 -1
-1350 -1 -1022 -284 -414 405 -1143 -130 516 -1 -1 -125 -550 660 226 -1 -686 -1 -291 184 729 -445 -1 -1 -1 -415 77 -594 -1 -1 -1 -1 -1 -1 147 -88 102 203 0 -245 -1 78 -1 -1 -1 -1 -1 -1 -1 -1
-1359 596 -1029 -286 -417 408 -1152 -1 520 126 -1 -126 -555 666 228 327 -693 -1 -1 186 738 -450 -609 -1 85 -420 78 -1 -450 -1 -1 228 -1 -1 -1 -1 -1 210 -1 -252 -1 81 -1 -1 -1 -1 -1 -1 -1 -1
-1368 600 -1 -288 -1 -1 -1161 -131 524 127 -861 -1 -560 -1 -1 330 -700 -368 -294 -1 -1 -1 -616 -1 86 -1 -1 -1 -1 0 -1 232 -1 -1 150 -1 -1 -1 -1 -259 -174 -1 -1 31 -1 -1 -1 -1 -1 -1
-1377 604 -1036 -290 -420 411 -1170 -132 528 128 -868 -1 -565 -1 -1 333 -1 -372 -1 188 747 -455 -1 73 -1 -425 79 -1 -456 -1 -1 236 -60 0 -1 -1 -1 217 -1 -1 -1 -1 -1 -1 -1 -1 -144 -1 -1 -1
-1386 608 -1043 -292 -423 414 -1179 -133 532 -1 -875 -127 -570 672 230 336 -707 -1 -297 -1 -1 -460 -1 74 -1 -1 -1 -603 -1 -1 -183 -1 -1 -1 -1 -1 -1 224 -1 -1 -1 -1 -1 -1 -1 -76 -153 -1 -1 -1
-1395 612 -1050 -294 -426 417 -1188 -134 536 129 -882 -128 -575 678 232 -1 -714 -376 -1 -1 756 -1 -1 -1 87 -1 80 -612 -1 -1 -1 -1 -61 -1 153 -90 105 231 -1 -1 -180 -1 -29 -1 -1 -1 -1 -1 -1 -1
-1404 616 -1057 -296 -429 420 -1197 -135 540 130 -889 -129 -580 684 234 339 -721 -380 -1 -1 765 -465 -1 75 88 -1 81 -1 -462 -1 -186 -1 -62 -1 156 -92 -1 238 0 -266 -1 84 -1 -1 -1 -1 -1 -1 -1 -1
-1413 620 -1 -298 -432 423 -1206 -136 544 131 -896 -130 -585 -1 236 342 -728 -1 -300 190 774 -470 -1 76 89 -1 82 -1 -1 0 -1 -1 -63 0 -1 -94 108 -1 -1 -273 -1 -1 -1 32 -1 -80 -1 -1 -1 -1
-1422 624 -1064 -300 -435 426 -1215 -137 548 132 -903 -1 -1 -1 238 345 -735 -384 -303 -1 -1 -475 -623 77 -1 -430 83 -621 -1 0 -189 240 -1 0 159 -1 111 -1 -1 -1 -1 -1 -1 -1 -1 -1 -1 -1 -1 -1
-1431 -1 -1071 -302 -1 429 -1224 -138 552 133 -910 -1 -1 690 -1 348 -1 -388 -1 192 783 -1 -1 78 -1 -435 84 -1 -1 -1 -1 -1 -1 -1 -1 -96 114 -1 -1 -1 -1 87 -1 -1 -1 -1 -1 -1 -1 -1
-1440 628 -1078 -304 -438 432 -1233 -1 556 134 -917 -131 -590 696 240 351 -1 -392 -306 -1 -1 -1 -1 -1 -1 -1 85 -1 -468 0 -1 -1 -1 0 162 -98 -1 -1 -1 -1 -1 -1 -30 -1 -1 -1 -1 -1 -1 -1
-1449 632 -1085 -306 -441 435 -1 -1 560 135 -924 -132 -595 702 -1 354 -1 -1 -309 -1 792 -480 -630 79 90 -1 -1 -630 -1 0 -1 -1 -64 -1 -1 -1 -1 -1 -1 -1 -1 -1 -31 -1 136 -1 -162 -1 -1 -1
-1458 636 -1092 -1 -444 438 -1242 -139 564 -1 -931 -1 -1 -1 242 -1 -1 -1 -1 194 801 -485 -637 80 91 -440 -1 -1 -1 0 -1 244 -1 -1 165 -1 117 245 -1 -1 -1 -1 -1 -1 -1 -1 -1 -1 -1 -1
-1467 640 -1099 -308 -447 441 -1251 -140 568 136 -938 -1 -600 708 -1 357 -742 -396 -1 196 -1 -1 -1 -1 92 -445 -1 -1 -1 0 -1 248 -65 -1 168 -1 -1 -1 0 -1 -186 -1 -1 -1 -1 -1 -171 -1 -1 -1
-1476 644 -1106 -310 -450 444 -1260 -141 572 137 -1 -1 -605 714 -1 -1 -749 -400 -1 198 810 -490 -1 81 -1 -1 -1 -1 -1 0 -1 -1 -1 -1 -1 -100 -1 -1 -1 -1 -1 -1 -1 -1 -1 -1 -180 -1 -1 -1
-1485 -1 -1113 -312 -453 447 -1269 -142 576 138 -945 -133 -610 720 -1 360 -756 -404 -312 -1 819 -495 -1 82 93 -1 86 -1 -1 -1 -1 -1 -1 -1 -1 -1 120 -1 0 -1 -192 -1 -1 -1 -1 -1 -1 -1 -1 -1
-1494 648 -1120 -314 -456 -1 -1278 -143 580 139 -952 -134 -1 726 244 363 -763 -408 -315 200 828 -1 -644 -1 -1 -450 -1 -1 -474 0 -192 -1 -1 -1 -1 -1 123 -1 0 -1 -198 -1 -1 -1 -1 -1 -189 -1 -1 -1
-1503 652 -1127 -316 -459 450 -1287 -1 584 140 -959 -1 -615 -1 246 366 -1 -412 -318 202 -1 -500 -1 83 -1 -1 -1 -1 -1 0 -195 252 -1 0 -1 -1 126 252 -1 -1 -204 90 -1 -1 -1 -1 -1 -1 -1 -1
-1512 656 -1134 -318 -462 453 -1296 -144 588 141 -966 -135 -620 732 248 -1 -770 -416 -1 204 -1 -505 -1 -1 -1 -455 87 -639 -480 -1 -1 256 -1 -1 -1 -102 -1 259 0 -1 -1 -1 -1 -1 -1 -1 -1 -1 -1 -1
-1521 660 -1141 -320 -465 456 -1305 -145 592 142 -1 -136 -625 -1 250 369 -1 -420 -321 206 837 -510 -651 -1 94 -1 88 -1 -1 0 -198 -1 -66 0 -1 -1 -1 -1 -1 -1 -1 -1 -1 -1 -1 -1 -1 -1 -1 -1
-1530 664 -1148 -322 -468 459 -1314 -146 596 143 -973 -137 -630 738 252 -1 -777 -1 -324 208 846 -515 -658 84 95 -460 -1 -648 -486 0 -1 260 -1 -1 -1 -1 129 -1 -1 -1 -1 -1 -32 -1 144 -1 -1 -1 -1 -1
-1539 668 -1155 -324 -1 462 -1323 -147 -1 144 -980 -138 -635 744 254 372 -784 -424 -327 210 855 -520 -665 -1 -1 -465 89 -1 -492 -1 -1 -1 -67 -1 -1 -1 -1 -1 -1 -280 -1 -1 -1 -1 -1 -1 -198 -1 -1 -1
-1548 672 -1162 -326 -471 465 -1332 -148 600 145 -987 -139 -640 -1 -1 375 -791 -428 -1 212 864 -525 -1 -1 96 -470 90 -657 -1 0 -1 -1 -68 -1 171 -1 132 -1 -1 -287 -1 -1 -1 -1 -1 -1 -1 -1 -1 -1
-1557 676 -1169 -328 -474 468 -1341 -1 604 146 -994 -140 -1 750 -1 378 -798 -432 -1 -1 873 -530 -1 -1 97 -475 -1 -666 -498 0 -201 -1 -1 -1 174 -1 -1 -1 -1 -1 -1 -1 -1 -1 -1 -1 -207 -1 -1 -1
-1566 680 -1176 -330 -477 471 -1350 -149 608 147 -1001 -141 -645 756 -1 -1 -1 -436 -1 214 882 -1 -1 85 98 -1 91 -675 -504 0 -1 264 -1 0 177 -1 -1 -1 -1 -1 -1 -1 -1 -1 -1 -1 -1 -1 -1 -1
-1575 684 -1183 -332 -480 474 -1359 -150 612 148 -1 -142 -1 -1 -1 381 -1 -1 -330 -1 891 -535 -1 -1 -1 -1 -1 -1 -1 -1 -204 -1 -1 -1 -1 -1 -1 266 -1 -1 -1 -1 -1 -1 -1 -84 -1 -1 -1 -1
-1584 688 -1190 -334 -483 477 -1368 -151 616 149 -1 -143 -1 762 256 -1 -805 -440 -333 216 900 -540 -672 -1 -1 -480 -1 -684 -1 -1 -1 -1 -69 -1 180 -1 -1 -1 -1 -1 -1 -1 -1 -1 -1 -88 -1 -1 -1 -1
-1593 692 -1197 -1 -486 480 -1377 -152 -1 150 -1008 -144 -650 -1 -1 384 -812 -444 -336 -1 -1 -545 -1 -1 -1 -485 92 -693 -1 0 -1 -1 -70 0 183 -1 -1 273 0 -294 -1 -1 -1 -1 -1 -1 -1 -1 -1 -1
-1602 696 -1204 -336 -489 483 -1386 -153 620 151 -1015 -145 -655 768 258 387 -819 -448 -1 -1 -1 -1 -679 86 -1 -1 -1 -1 -510 -1 -1 -1 -1 -1 -1 -1 -1 -1 -1 -1 -1 -1 -33 -1 -1 -1 -1 -1 -1 -1
-1611 700 -1211 -338 -492 486 -1395 -154 624 152 -1022 -1 -660 774 260 390 -826 -452 -1 218 909 -550 -686 -1 -1 -490 -1 -1 -1 0 -1 -1 -1 -1 -1 -104 -1 280 -1 -301 -1 -1 -1 -1 -1 -1 -1 -1 -1 -1
-1620 704 -1218 -340 -495 489 -1404 -155 628 153 -1029 -146 -665 780 -1 393 -833 -456 -339 220 918 -1 -693 -1 -1 -1 -1 -702 -516 0 -1 268 -1 0 -1 -106 135 -1 -1 -308 -1 93 -1 -1 -1 -1 -1 -1 -1 -1
-1629 708 -1225 -342 -498 492 -1413 -156 632 154 -1036 -147 -670 786 262 396 -840 -1 -1 222 927 -555 -700 87 -1 -1 93 -711 -522 -1 -207 272 -71 -1 186 -1 138 -1 -1 -1 -1 -1 -34 -1 -1 -1 -1 -1 -1 -1
-1638 712 -1232 -344 -501 495 -1422 -157 636 155 -1043 -148 -675 792 -1 399 -1 -1 -342 224 936 -1 -707 -1 99 -495 94 -1 -1 0 -210 -1 -1 0 -1 -1 -1 -1 -1 -1 -1 96 -35 -1 -1 -1 -1 -1 -1 -1
-1647 716 -1239 -346 -504 498 -1431 -158 640 156 -1050 -149 -680 798 264 402 -847 -1 -345 226 945 -560 -1 -1 -1 -500 -1 -720 -1 0 -213 -1 -1 -1 189 -1 -1 287 -1 -1 -1 -1 -36 -1 -1 -1 -1 -1 -20 -1
-1656 720 -1246 -348 -507 501 -1440 -159 -1 157 -1057 -150 -1 -1 -1 405 -854 -460 -1 -1 -1 -1 -714 -1 100 -505 95 -1 -528 -1 -216 -1 -72 0 -1 -1 141 -1 0 -315 -1 -1 -1 -1 -1 -1 -1 -1 -1 -1
-1665 724 -1253 -350 -510 504 -1449 -1 644 158 -1064 -151 -685 804 266 -1 -861 -464 -348 228 -1 -1 -1 -1 101 -1 96 -1 -1 -1 -219 -1 -1 -1 -1 -108 144 294 0 -1 -1 -1 -37 -1 -1 -1 -1 -1 -1 -1
-1674 728 -1260 -352 -513 507 -1458 -1 648 159 -1071 -152 -690 810 268 408 -868 -468 -351 230 954 -1 -721 88 102 -1 97 -1 -1 -1 -1 276 -1 0 -1 -1 -1 -1 -1 -1 -1 -1 -1 -1 -1 -1 -216 -1 -1 -1
-1683 732 -1267 -354 -516 510 -1467 -160 652 -1 -1 -153 -695 816 -1 411 -1 -472 -1 -1 -1 -565 -728 -1 103 -510 -1 -729 -1 0 -1 -1 -1 0 -1 -1 147 -1 -1 -1 -1 -1 -38 33 -1 -1 -1 -1 -1 -1
-1692 736 -1274 -356 -519 513 -1476 -161 656 160 -1078 -154 -1 822 270 414 -875 -1 -354 -1 963 -570 -735 -1 104 -515 98 -1 -534 -1 -1 -1 -1 0 192 -110 150 -1 -1 -322 -1 -1 -1 -1 -1 -1 -1 -1 -1 -1
-1701 740 -1281 -358 -1 516 -1485 -162 660 161 -1085 -155 -1 828 272 417 -882 -476 -357 232 -1 -1 -742 89 -1 -1 99 -1 -540 0 -1 -1 -1 0 -1 -1 153 -1 -1 -1 -1 99 -1 -1 -1 -1 -1 -1 -1 -1
-1710 744 -1288 -360 -522 519 -1494 -163 664 162 -1092 -156 -1 834 274 420 -889 -480 -1 234 972 -1 -749 90 105 -1 100 -738 -1 -1 -222 -1 -73 0 -1 -1 -1 -1 -1 -1 -1 -1 -1 -1 -1 -1 -1 -1 -1 -1
-1719 748 -1295 -362 -1 522 -1503 -164 668 -1 -1099 -1 -700 840 -1 423 -1 -1 -360 236 981 -1 -1 91 106 -520 -1 -1 -546 0 -1 -1 -1 0 -1 -1 -1 -1 -1 -1 -210 -1 -1 -1 -1 -1 -1 -1 -1 -1
-1728 752 -1302 -364 -525 525 -1512 -165 -1 163 -1 -1 -705 -1 276 -1 -896 -1 -1 238 990 -1 -756 92 -1 -1 101 -1 -1 -1 -225 280 -74 -1 -1 -112 -1 -1 0 -1 -1 -1 -1 34 -1 -1 -1 -1 -1 -1
-1737 756 -1309 -366 -528 528 -1521 -166 672 164 -1106 -157 -710 846 278 -1 -903 -484 -1 240 999 -575 -1 -1 -1 -1 -1 -1 -1 -1 -1 -1 -75 0 -1 -114 -1 -1 -1 -1 -1 102 -1 -1 152 -1 -1 -1 -1 -1
-1746 760 -1316 -368 -531 531 -1530 -167 676 165 -1113 -158 -715 852 280 -1 -910 -488 -1 242 -1 -580 -1 93 -1 -1 -1 -1 -552 -1 -1 284 -76 -1 -1 -1 -1 -1 0 -329 -1 105 -39 -1 -1 -1 -1 -1 -1 -1
-1755 764 -1323 -370 -534 534 -1539 -168 680 166 -1 -159 -720 858 -1 -1 -917 -492 -363 244 1008 -1 -1 -1 107 -1 -1 -747 -558 -1 -228 -1 -1 0 -1 -1 -1 -1 -1 -1 -216 -1 -1 -1 160 -1 -1 -28 -1 -1
-1764 768 -1330 -372 -537 537 -1548 -169 684 -1 -1120 -160 -725 864 -1 426 -924 -496 -1 -1 -1 -1 -1 -1 -1 -525 102 -756 -1 0 -231 288 -1 0 -1 -116 -1 -1 -1 -1 -1 -1 -1 -1 -1 -1 -1 -1 -1 -1
-1773 772 -1 -374 -540 -1 -1557 -170 688 -1 -1127 -161 -730 870 -1 429 -931 -500 -366 246 1017 -585 -763 -1 108 -530 103 -765 -564 -1 -1 292 -1 0 -1 -1 156 -1 -1 -1 -222 108 -40 35 -1 -92 -1 -1 -1 -1
-1782 776 -1337 -376 -543 540 -1566 -171 692 -1 -1134 -162 -735 876 -1 432 -938 -504 -369 248 1026 -590 -770 -1 109 -535 104 -774 -570 0 -1 -1 -77 0 -1 -118 159 -1 -1 -1 -228 111 -1 -1 168 -1 -1 -1 -1 -1
-1791 780 -1344 -378 -1 543 -1575 -172 696 167 -1 -163 -740 -1 -1 435 -1 -508 -1 -1 1035 -595 -1 -1 -1 -1 105 -783 -576 -1 -1 -1 -78 -1 -1 -1 162 -1 -1 -1 -1 -1 -1 -1 -1 -1 -225 -1 -1 -1
-1800 784 -1351 -380 -546 546 -1 -173 700 168 -1 -164 -745 -1 282 438 -1 -512 -1 -1 1044 -600 -777 94 110 -1 -1 -792 -1 -1 -1 -1 -1 0 -1 -1 -1 -1 -1 -1 -234 -1 -1 -1 -1 -1 -1 -1 -1 -1
-1809 788 -1358 -382 -549 549 -1584 -1 704 169 -1141 -1 -750 882 -1 441 -1 -1 -372 250 1053 -1 -784 -1 111 -1 -1 -801 -1 0 -234 -1 -79 -1 -1 -1 -1 -1 -1 -1 -1 -1 -1 -1 -1 -1 -1 -1 -1 -1
-1818 792 -1365 -384 -552 552 -1593 -174 708 170 -1148 -165 -1 888 284 444 -1 -516 -375 252 1062 -1 -791 -1 112 -540 106 -810 -582 -1 -1 -1 -1 0 -1 -1 -1 -1 -1 -1 -1 -1 -1 -1 -1 -1 -1 -1 -1 -1
-1827 796 -1372 -1 -555 555 -1602 -175 712 171 -1155 -166 -755 -1 286 447 -1 -1 -1 254 1071 -605 -798 -1 -1 -1 107 -1 -1 0 -237 296 -1 -1 195 -120 -1 -1 -1 -1 -1 -1 -1 -1 -1 -1 -1 -1 -1 -1
-1836 800 -1379 -386 -558 558 -1611 -176 716 -1 -1162 -167 -1 -1 -1 -1 -1 -1 -1 256 -1 -610 -805 95 113 -1 108 -1 -588 0 -1 -1 -80 -1 198 -1 165 -1 -1 -1 -1 -1 -1 -1 -1 -1 -1 -1 -1 -1
-1845 804 -1386 -388 -561 561 -1 -177 -1 172 -1 -168 -760 894 -1 -1 -945 -520 -378 258 -1 -1 -812 -1 -1 -1 109 -819 -594 0 -1 300 -1 0 -1 -1 -1 -1 -1 -1 -1 114 -1 -1 -1 -1 -234 -1 -1 -1
-1854 808 -1393 -390 -564 564 -1620 -1 720 173 -1169 -169 -765 900 288 -1 -952 -524 -1 260 -1 -615 -1 96 -1 -1 110 -828 -600 -1 -1 304 -1 -1 -1 -1 -1 -1 -1 -1 -240 -1 -1 -1 -1 -1 -243 -1 -1 -1
-1863 812 -1400 -392 -1 567 -1629 -178 724 174 -1176 -170 -770 -1 290 450 -959 -1 -1 262 1080 -1 -819 97 -1 -1 111 -837 -1 -1 -1 -1 -1 -1 -1 -1 168 -1 -1 -1 -1 -1 -1 -1 -1 -1 -1 -1 -1 -1
-1872 816 -1407 -394 -567 570 -1638 -179 728 175 -1183 -171 -1 906 -1 453 -1 -528 -1 -1 -1 -620 -826 98 -1 -545 112 -1 -606 0 -1 -1 -1 -1 201 -1 -1 -1 0 -1 -246 117 -1 -1 -1 -1 -1 -1 -1 -1
-1881 820 -1414 -396 -570 573 -1647 -180 -1 176 -1190 -172 -775 -1 292 -1 -966 -532 -381 264 1089 -1 -1 -1 114 -550 113 -1 -612 -1 -1 -1 -1 -1 204 -1 -1 301 -1 -1 -1 -1 -41 -1 -1 -1 -1 -1 -1 -1
-1890 824 -1421 -398 -573 576 -1656 -181 732 -1 -1197 -173 -780 912 294 456 -1 -536 -1 -1 -1 -1 -833 99 -1 -1 114 -1 -1 -1 -1 -1 -81 -1 -1 -1 171 308 -1 -1 -1 -1 -42 -1 -1 -1 -1 -32 -1 -1
-1899 828 -1428 -400 -576 579 -1665 -182 -1 177 -1204 -174 -1 -1 -1 459 -973 -540 -384 -1 1098 -625 -840 -1 115 -555 -1 -846 -618 -1 -1 -1 -82 0 -1 -1 -1 -1 0 -1 -1 -1 -1 36 -1 -1 -1 -1 -1 -1
-1908 832 -1435 -402 -579 -1 -1674 -183 736 178 -1211 -175 -785 -1 -1 -1 -1 -544 -1 266 1107 -1 -847 -1 116 -1 115 -1 -1 0 -240 -1 -1 -1 -1 -122 -1 -1 0 -336 -1 -1 -1 -1 -1 -1 -1 -1 -1 -1
-1917 836 -1442 -404 -582 582 -1683 -184 740 179 -1218 -176 -790 -1 296 -1 -1 -548 -1 268 1116 -630 -1 -1 117 -1 116 -1 -1 -1 -1 308 -1 -1 207 -1 -1 315 -1 -1 -1 120 -1 -1 -1 -1 -1 -1 -1 -1
-1926 840 -1449 -406 -585 585 -1692 -1 744 180 -1225 -1 -795 918 298 -1 -980 -552 -1 270 1125 -635 -1 100 118 -560 117 -855 -624 -1 -1 312 -83 0 -1 -1 -1 -1 -1 -1 -252 -1 -1 -1 -1 -1 -252 -36 -1 -1
-1935 844 -1456 -408 -588 588 -1 -185 748 181 -1232 -177 -800 924 -1 -1 -987 -1 -387 272 1134 -1 -1 101 119 -1 -1 -864 -1 0 -1 -1 -1 -1 210 -1 -1 -1 -1 -1 -258 -1 -1 -1 -1 -1 -1 -1 -1 -1
-1944 848 -1463 -410 -591 -1 -1701 -1 752 182 -1239 -178 -805 930 300 462 -1 -556 -1 274 -1 -640 -1 102 120 -1 -1 -873 -1 -1 -1 -1 -84 -1 213 -1 -1 322 -1 -1 -264 -1 -1 37 -1 -1 -1 -1 -1 -1
-1953 852 -1470 -412 -594 591 -1710 -186 756 183 -1 -179 -810 936 302 -1 -994 -560 -390 -1 1143 -1 -1 103 121 -565 118 -882 -1 -1 -1 -1 -1 -1 -1 -1 -1 -1 -1 -1 -1 -1 -1 -1 -1 -1 -261 -1 -1 -1
-1962 856 -1 -414 -597 594 -1719 -187 760 184 -1246 -180 -815 942 304 465 -1 -1 -393 276 -1 -1 -854 -1 -1 -570 -1 -891 -1 -1 -243 316 -1 -1 -1 -1 174 -1 -1 -1 -1 -1 -1 -1 -1 -1 -1 -1 -1 -1
-1971 860 -1477 -416 -600 597 -1728 -188 764 -1 -1253 -181 -820 -1 -1 468 -1001 -564 -396 278 -1 -1 -861 104 122 -1 119 -900 -630 0 -1 -1 -1 -1 216 -124 177 329 -1 -1 -1 -1 -1 -1 -1 -1 -1 -1 -1 -1
-1980 864 -1484 -418 -603 600 -1737 -189 768 185 -1260 -182 -1 -1 306 -1 -1 -568 -399 280 -1 -1 -868 -1 123 -1 -1 -1 -1 -1 -1 320 -1 -1 -1 -1 -1 -1 0 -1 -1 -1 -1 -1 -1 -1 -1 -1 -1 -1
-1989 868 -1491 -420 -1 603 -1746 -190 -1 186 -1267 -183 -825 -1 308 471 -1008 -572 -1 282 -1 -645 -1 -1 124 -575 -1 -909 -636 -1 -246 -1 -1 0 -1 -1 180 -1 0 -1 -270 123 -1 -1 -1 -96 -1 -1 -1 -1
-1998 872 -1498 -422 -606 606 -1755 -1 772 187 -1274 -184 -1 948 310 -1 -1015 -576 -1 284 1152 -650 -875 105 125 -580 -1 -918 -642 0 -1 -1 -85 -1 -1 -126 -1 -1 -1 -1 -1 -1 -1 -1 -1 -1 -1 -1 -1 -1
-2007 876 -1505 -424 -609 609 -1764 -191 -1 -1 -1281 -1 -1 954 -1 474 -1022 -1 -402 286 -1 -1 -882 106 126 -585 120 -927 -1 0 -1 -1 -1 -1 -1 -1 183 -1 0 -343 -1 -1 -43 -1 -1 -1 -1 -1 -1 -1
-2016 880 -1512 -426 -612 612 -1773 -192 776 188 -1288 -1 -1 -1 -1 -1 -1029 -580 -1 288 1161 -655 -889 -1 127 -590 121 -936 -1 -1 -1 324 -86 -1 -1 -1 -1 -1 -1 -350 -1 -1 -44 -1 -1 -1 -1 -1 -1 -1
-2025 884 -1519 -428 -615 615 -1782 -193 780 189 -1 -185 -830 960 312 -1 -1 -584 -1 290 1170 -660 -896 -1 -1 -595 -1 -945 -648 -1 -249 -1 -87 0 -1 -1 -1 336 -1 -1 -1 -1 -1 -1 -1 -1 -1 -1 -1 -1
-2034 888 -1526 -430 -618 618 -1791 -194 784 190 -1295 -1 -835 966 314 477 -1036 -1 -1 292 -1 -665 -903 -1 128 -1 -1 -1 -1 0 -1 -1 -88 0 219 -1 -1 343 0 -1 -276 126 -1 -1 -1 -1 -1 -1 -1 -1
-2043 892 -1533 -432 -621 -1 -1800 -1 788 191 -1302 -186 -840 972 -1 480 -1043 -588 -1 -1 1179 -670 -910 -1 129 -600 122 -954 -1 -1 -1 328 -1 0 222 -1 -1 350 -1 -1 -1 -1 -1 38 -1 -1 -1 -1 -1 -1
-2052 896 -1540 -434 -624 621 -1 -195 -1 -1 -1309 -1 -1 978 -1 483 -1050 -592 -405 -1 -1 -675 -1 107 -1 -605 -1 -963 -1 -1 -252 332 -1 0 225 -128 -1 -1 -1 -1 -282 129 -1 -1 -1 -1 -1 -1 -24 -1
-2061 900 -1547 -436 -627 624 -1809 -196 792 192 -1316 -187 -845 984 316 486 -1 -596 -408 -1 1188 -680 -917 108 -1 -1 123 -1 -1 -1 -255 -1 -89 -1 -1 -1 -1 -1 -1 -357 -1 -1 -1 -1 -1 -1 -1 -1 -1 -1
-2070 904 -1554 -438 -630 627 -1818 -197 796 -1 -1323 -188 -850 990 318 489 -1 -600 -1 294 1197 -685 -1 109 -1 -1 -1 -972 -654 -1 -258 -1 -1 0 -1 -130 -1 -1 -1 -1 -288 -1 -1 -1 176 -1 -1 -1 -1 -1
-2079 908 -1561 -440 -633 630 -1827 -1 -1 193 -1 -1 -855 996 -1 492 -1 -604 -411 296 -1 -1 -1 -1 130 -1 -1 -981 -1 0 -261 -1 -1 0 -1 -132 186 -1 -1 -1 -1 -1 -45 -1 -1 -1 -1 -1 -1 -1
-2088 912 -1568 -442 -1 633 -1836 -198 -1 194 -1 -189 -860 1002 -1 495 -1 -608 -414 -1 1206 -1 -924 110 -1 -1 -1 -1 -1 -1 -264 -1 -90 -1 -1 -134 189 -1 -1 -1 -1 -1 -1 -1 -1 -1 -1 -1 -1 -1
-2097 916 -1575 -444 -636 636 -1845 -199 800 195 -1330 -190 -865 1008 -1 498 -1057 -612 -417 -1 -1 -1 -931 111 -1 -1 -1 -990 -660 -1 -1 -1 -1 -1 228 -1 192 -1 -1 -1 -1 -1 -1 -1 -1 -1 -1 -1 -1 -1
-2106 920 -1582 -446 -639 -1 -1854 -200 804 196 -1337 -1 -870 -1 320 501 -1064 -1 -1 -1 1215 -690 -938 112 -1 -1 -1 -999 -1 -1 -1 336 -1 -1 -1 -1 -1 -1 0 -364 -1 132 -1 -1 -1 -100 -1 -1 -1 -1
-2115 924 -1589 -448 -642 639 -1863 -1 808 197 -1344 -191 -875 1014 322 504 -1071 -1 -420 298 -1 -1 -1 -1 131 -610 -1 -1 -1 -1 -1 -1 -1 -1 -1 -1 195 -1 -1 -1 -294 -1 -46 -1 184 -1 -1 -1 -1 -1
-2124 928 -1596 -450 -645 642 -1872 -201 812 198 -1351 -192 -880 -1 324 507 -1 -616 -423 300 -1 -695 -945 113 132 -615 124 -1 -1 -1 -1 340 -1 -1 -1 -1 -1 -1 -1 -1 -1 135 -1 -1 192 -1 -1 -1 -1 -1
-2133 932 -1603 -452 -648 645 -1881 -1 -1 199 -1358 -193 -885 1020 326 510 -1078 -620 -426 302 -1 -700 -952 -1 -1 -620 125 -1 -666 0 -1 -1 -1 -1 -1 -1 198 -1 -1 -371 -1 -1 -1 -1 -1 -1 -1 -1 -1 -1
-2142 936 -1610 -454 -651 648 -1890 -202 816 -1 -1365 -194 -890 -1 328 -1 -1 -1 -429 304 1224 -705 -959 114 -1 -1 126 -1008 -1 0 -267 344 -1 -1 231 -136 -1 -1 -1 -1 -1 138 -1 -1 -1 -1 -1 -1 -1 -1
-2151 940 -1617 -456 -654 651 -1899 -203 820 200 -1 -1 -895 1026 330 513 -1085 -1 -1 -1 1233 -1 -966 115 -1 -1 -1 -1 -1 0 -1 -1 -1 -1 -1 -1 -1 357 -1 -1 -1 -1 -1 -1 -1 -1 -1 -1 -1 -1
-2160 944 -1624 -458 -657 654 -1908 -204 824 201 -1 -195 -1 1032 332 516 -1 -624 -1 306 1242 -710 -973 116 133 -1 127 -1 -1 -1 -1 -1 -1 -1 -1 -1 201 -1 -1 -1 -1 -1 -47 39 -1 -1 -1 -1 -1 -1
-2169 948 -1631 -460 -660 657 -1917 -205 828 202 -1372 -196 -900 1038 334 -1 -1 -1 -432 308 -1 -1 -1 -1 -1 -1 128 -1017 -1 0 -270 -1 -1 -1 -1 -1 -1 -1 -1 -378 -1 -1 -1 -1 -1 -104 -1 -1 -1 -1
-2178 952 -1638 -462 -663 660 -1926 -206 832 203 -1379 -1 -905 1044 336 -1 -1092 -1 -1 -1 1251 -1 -1 117 -1 -625 129 -1 -672 -1 -1 -1 -91 -1 234 -1 -1 -1 -1 -1 -1 -1 -48 40 -1 -1 -1 -40 -1 -1
-2187 956 -1645 -464 -666 663 -1935 -1 836 204 -1 -1 -910 -1 338 -1 -1 -1 -435 310 1260 -1 -1 118 -1 -1 -1 -1026 -678 0 -1 -1 -1 0 -1 -1 -1 364 -1 -1 -300 141 -1 -1 -1 -1 -270 -1 -1 -1
-2196 960 -1652 -466 -669 666 -1944 -207 840 205 -1386 -197 -915 -1 340 -1 -1099 -628 -438 -1 1269 -1 -980 -1 -1 -630 -1 -1 -1 0 -1 348 -1 -1 -1 -1 -1 -1 -1 -1 -306 -1 -1 -1 -1 -1 -1 -1 -1 -1
-2205 964 -1659 -468 -672 -1 -1953 -208 844 -1 -1 -198 -920 -1 342 519 -1106 -1 -1 -1 1278 -1 -987 -1 -1 -635 -1 -1035 -684 -1 -1 -1 -92 -1 237 -1 -1 -1 0 -1 -1 -1 -1 -1 -1 -1 -1 -1 -1 -1
-2214 968 -1666 -470 -675 669 -1962 -209 848 206 -1393 -199 -925 1050 344 522 -1113 -632 -441 312 -1 -1 -994 -1 134 -640 -1 -1044 -690 -1 -273 -1 -93 0 240 -1 -1 371 -1 -385 -312 144 -1 -1 -1 -1 -1 -1 -1 -1
-2223 972 -1673 -472 -678 672 -1971 -210 -1 207 -1400 -200 -930 1056 346 525 -1120 -636 -444 314 -1 -1 -1 119 135 -645 130 -1053 -1 0 -1 -1 -1 -1 -1 -138 204 -1 -1 -1 -1 147 -1 -1 -1 -1 -1 -1 -1 -1
-2232 976 -1680 -474 -681 675 -1980 -211 852 208 -1407 -201 -935 1062 -1 -1 -1 -640 -1 316 1287 -715 -1001 -1 -1 -1 131 -1 -1 -1 -1 -1 -94 0 -1 -1 207 -1 -1 -392 -1 -1 -1 -1 -1 -1 -1 -1 -1 -1
-2241 980 -1687 -476 -684 678 -1989 -212 856 -1 -1 -202 -1 1068 348 -1 -1127 -644 -447 318 1296 -1 -1 120 -1 -1 132 -1062 -1 0 -276 -1 -1 -1 243 -1 -1 -1 -1 -1 -1 -1 -1 -1 -1 -1 -1 -1 -1 -1
