1 2 3 4 5 6 7 8 9 10 11 12 13 14 15 16 17 18 19 20 21 22 23 24 25 26 27 28 29 30 31 32 33 34 35 36 37 38 39 40 41 42 43 44 45 46 47 48 49 50
-36 1 -15 -4 2 17 -11 -11 0 40 24 0 0 -43 47 28 0 47 0 -3 -19 37 -39 0 25 0 2 6 31 0 0 -5 0 0 0 0 0 0 0 0 16 0 4 0 -42 0 0 0 0 0
-7 7 -2 -3 2 0 0 -6 25 2 0 15 24 -4 0 6 -10 0 37 -7 -3 0 0 0 0 0 0 5 8 11 29 -8 0 0 0 0 0 0 0 26 3 0 0 0 -8 0 0 0 0 0
-14 14 -4 -6 4 0 -4 -12 5 4 4 4 0 -8 1 0 0 0 0 -14 0 8 -9 25 0 0 3 10 16 0 5 0 -19 0 0 0 0 0 0 0 0 0 0 0 0 0 0 0 0 0
-21 21 -6 -9 6 0 -8 0 10 6 8 8 0 -12 2 12 -7 0 2 0 -6 16 0 0 0 0 6 15 24 0 0 0 0 -5 0 -35 0 0 0 0 0 -21 9 0 0 10 30 0 0 0
-28 28 -8 -12 8 0 -12 -18 15 8 12 12 0 -16 3 18 0 0 0 0 -9 0 -18 0 0 0 0 0 0 0 0 0 -6 0 0 0 0 0 0 1 6 0 18 0 -16 6 1 0 0 0
-35 35 -10 -15 10 0 0 -24 20 10 0 16 0 -20 4 24 -14 0 0 0 0 24 -27 8 0 0 9 0 32 0 0 0 0 0 0 0 47 0 3 0 0 0 0 49 0 0 0 0 0 0
-42 42 0 -18 12 0 -16 -30 25 12 16 20 0 -24 5 30 -21 0 4 0 0 0 -36 0 0 -8 0 0 0 0 0 -16 0 -5 0 0 0 0 0 0 0 0 0 0 0 0 0 0 0 0
-49 49 -12 -21 14 0 -20 -36 30 14 20 24 0 -28 6 36 -28 0 6 0 -12 32 0 0 0 0 0 20 0 0 10 0 -12 0 0 0 0 0 3 0 0 0 0 0 -24 12 0 0 0 0
-56 56 -14 -24 16 0 0 -42 35 16 24 28 0 0 7 42 0 0 8 -21 -15 0 -45 0 0 -16 0 25 0 0 15 0 0 0 6 0 7 0 0 0 0 -7 0 0 0 0 0 0 0 0
-63 63 -16 -27 18 0 0 -48 40 18 28 32 0 -32 8 0 -35 0 10 -28 0 40 0 16 0 -24 12 30 0 0 20 0 0 0 0 0 0 0 0 2 0 -14 0 0 0 0 0 0 0 0
-70 70 -18 -30 20 0 -24 -54 45 0 32 36 0 -36 9 48 0 0 12 -35 -18 48 0 24 0 0 0 35 40 0 0 -24 0 0 0 0 14 0 6 0 0 0 0 0 0 0 0 0 0 0
-77 77 -20 -33 22 0 -28 0 50 0 0 0 0 -40 10 0 -42 0 14 -42 -21 56 0 32 0 0 15 40 0 0 0 0 0 0 0 0 21 0 9 0 0 0 0 0 0 0 0 0 0 0
-84 84 -22 -36 24 0 -32 0 55 20 36 40 0 -44 11 54 -49 0 16 -49 0 64 0 0 0 -32 0 45 0 0 0 -32 -18 0 0 -3 0 -9 0 0 0 0 0 0 -32 0 0 0 0 0
-91 91 -24 -39 26 0 -36 -60 60 22 40 44 0 -48 12 60 -56 0 18 -56 0 0 0 0 0 -40 18 0 0 0 0 0 -24 0 0 0 0 0 0 0 0 0 0 0 0 0 0 0 0 0
-98 98 -26 0 28 0 0 -66 65 0 44 48 0 0 0 66 -63 0 0 -63 0 0 -54 40 0 -48 0 50 48 0 25 -40 0 0 8 0 0 0 0 0 0 0 0 0 0 0 0 0 0 0
-105 105 -28 -42 30 0 -40 -72 70 24 48 52 0 -52 13 0 -70 0 0 -70 -24 0 -63 0 0 -56 21 0 0 0 0 0 -30 0 0 -6 0 0 12 0 0 0 0 7 0 0 0 0 0 0
-112 112 -30 -45 32 0 -44 -78 75 26 52 56 0 -56 14 72 -77 0 20 -77 -27 0 0 48 0 0 24 0 0 0 30 0 0 0 0 0 0 0 0 0 0 0 27 0 0 0 0 0 0 0
-119 119 -32 -48 34 0 -48 -84 80 28 56 60 0 -60 15 78 0 0 0 0 0 72 -72 56 0 -64 27 55 0 0 35 -48 0 0 0 0 28 0 0 0 0 0 0 0 0 0 0 0 0 0
-126 126 -34 -51 36 0 -52 -90 85 0 60 64 0 0 16 84 0 0 22 -84 -30 80 -81 64 0 -72 30 0 0 0 40 0 -36 0 0 -9 35 0 15 0 0 0 0 14 0 18 0 0 0 0
-133 133 -36 -54 38 0 -56 -96 90 30 64 68 0 -64 0 0 0 0 24 -91 -33 0 -90 72 0 0 0 0 56 0 0 0 -42 0 16 -12 42 0 0 0 0 0 0 0 -40 0 0 0 0 0
-140 140 -38 -57 40 0 -60 -102 95 32 68 72 0 -68 17 0 -84 0 26 0 0 0 0 80 0 -80 33 60 64 0 45 0 0 -10 0 -15 49 0 0 0 9 0 36 21 0 0 0 0 0 0
-147 147 -40 -60 42 0 -64 0 100 34 0 0 0 -72 18 90 -91 0 28 0 -36 88 -99 0 0 -88 0 0 72 0 50 0 -48 0 0 -18 0 0 0 0 0 -21 0 0 0 0 0 0 0 0
-154 154 -42 -63 44 0 -68 -108 105 36 72 76 0 -76 19 0 -98 0 30 0 -39 0 -108 88 0 -96 36 0 0 0 0 0 -54 0 24 -21 56 0 0 0 0 -28 0 0 -48 0 0 0 0 0
-161 161 -44 -66 46 0 -72 -114 110 38 76 80 0 -80 20 96 -105 0 0 0 -42 0 0 0 0 0 0 0 0 0 55 -56 -60 0 0 0 0 0 18 0 0 0 45 28 0 0 0 0 0 0
-168 168 -46 -69 48 0 -76 -120 115 40 80 0 0 -84 21 102 -112 0 32 -98 0 0 -117 96 0 -104 39 65 0 0 60 0 0 0 32 0 63 0 21 0 0 0 0 0 0 0 0 0 0 0
-175 175 -48 -72 50 0 0 -126 120 42 84 84 0 -88 22 108 0 0 0 -105 -45 0 -126 104 0 -112 42 0 0 0 0 0 -66 0 0 0 0 -18 0 0 0 0 54 0 0 0 0 0 0 0
-182 182 -50 -75 52 0 -80 -132 125 0 0 88 0 -92 0 114 -119 0 0 -112 -48 96 0 112 0 0 45 0 80 0 0 0 -72 0 0 0 0 0 0 0 0 -35 0 0 0 0 2 0 0 0
-189 189 -52 -78 54 0 -84 -138 130 44 88 92 0 -96 0 0 -126 0 34 -119 -51 0 0 120 0 0 0 0 0 0 0 0 0 0 0 -24 0 0 0 3 0 0 0 35 -56 0 0 0 0 0
-196 196 -54 -81 56 0 -88 -144 135 46 92 96 0 -100 23 120 0 0 36 -126 -54 104 0 128 0 -120 48 0 88 0 0 0 0 0 0 0 0 0 0 0 0 0 0 0 0 0 0 0 0 0
-203 203 -56 -84 58 0 -92 -150 140 48 96 100 0 -104 24 0 -133 0 38 -133 0 0 0 136 0 0 51 0 96 0 65 0 0 0 0 0 70 -27 0 0 0 0 0 0 0 0 0 0 0 20
-210 210 -58 -87 0 0 -96 -156 145 50 100 0 0 -108 25 126 -140 0 40 0 0 112 0 144 0 -128 0 0 104 0 0 0 -78 0 0 0 0 0 0 0 0 0 0 42 -64 0 0 0 0 0
-217 217 -60 -90 0 0 -100 0 150 52 104 104 0 -112 26 132 0 0 0 -140 -57 0 -135 0 0 -136 0 0 112 0 0 0 0 -15 0 0 77 0 0 0 0 -42 0 0 0 24 0 0 0 0
-224 224 -62 -93 60 0 -104 -162 155 0 108 108 0 -116 27 138 -147 0 42 -147 0 120 -144 0 0 0 0 0 0 0 0 0 0 -20 0 0 0 0 0 0 0 0 63 0 0 0 0 0 0 0
-231 231 -64 -96 62 0 -108 -168 0 54 112 112 0 -120 28 144 -154 0 44 -154 -60 128 0 0 0 -144 54 70 120 0 0 -64 -84 -25 0 0 84 0 0 4 0 0 0 0 0 0 0 13 0 0
-238 238 -66 -99 64 0 -112 -174 160 0 116 116 0 -124 0 150 -161 0 46 -161 0 0 0 0 0 -152 0 75 0 0 0 -72 0 0 0 0 0 0 0 0 0 0 0 0 0 0 0 0 0 0
-245 245 -68 0 66 0 0 -180 165 56 120 120 0 0 29 0 0 0 0 -168 0 0 -153 0 0 -160 0 80 0 0 0 0 -90 0 0 -27 0 -36 0 0 0 0 72 0 0 0 0 0 0 0
-252 252 -70 -102 68 0 -116 -186 170 58 124 0 0 -128 0 156 0 0 48 -175 0 136 -162 0 0 -168 0 0 128 0 0 -80 0 -30 0 0 0 0 0 0 0 -49 0 0 0 0 3 0 0 0
-259 259 -72 -105 70 0 -120 -192 175 60 128 124 0 -132 30 162 -168 0 50 0 -63 144 0 152 0 -176 0 0 0 0 70 -88 0 0 0 -30 0 -45 24 0 0 0 81 49 0 0 0 0 0 0
-266 266 -74 -108 0 0 -124 -198 180 62 0 128 0 -136 31 168 0 0 52 -182 -66 0 0 0 0 0 0 85 0 0 0 0 0 0 0 0 91 0 0 0 0 0 0 0 0 0 0 0 0 0
-273 273 -76 -111 72 0 -128 -204 185 64 132 132 0 -140 32 174 -175 0 54 0 -69 0 -171 0 0 -184 57 0 0 0 0 0 0 -35 0 0 0 0 27 0 12 -56 0 0 0 0 0 0 0 0
-280 280 -78 -114 74 0 -132 0 0 66 136 136 0 -144 0 180 -182 0 56 0 0 152 0 0 0 0 60 0 0 0 0 0 -96 -40 40 0 0 -54 0 0 0 0 0 0 0 0 0 0 0 0
-287 287 -80 -117 76 0 -136 -210 190 68 140 140 0 -148 33 0 -189 0 58 -189 -72 0 -180 160 0 -192 0 90 0 0 0 0 0 -45 48 0 0 -63 0 0 0 0 0 56 0 0 0 0 0 0
-294 294 -82 -120 0 0 -140 -216 195 70 144 0 0 -152 0 186 -196 0 60 0 -75 160 -189 168 0 -200 0 95 0 0 0 0 0 -50 56 0 0 -72 30 5 0 0 0 0 -72 0 0 0 0 0
-301 301 -84 -123 78 0 -144 -222 200 0 148 0 0 -156 0 192 0 0 62 -196 0 168 -198 176 0 0 63 0 0 0 0 -96 0 0 64 0 0 0 0 0 0 0 0 0 -80 0 0 0 0 0
-308 308 -86 -126 80 0 -148 -228 205 72 152 0 0 -160 34 198 0 0 64 -203 0 176 -207 0 0 -208 66 100 136 0 0 -104 0 0 72 -33 0 0 0 0 0 0 0 0 0 0 0 0 0 0
-315 315 -88 -129 0 0 0 -234 210 74 156 144 0 -164 35 0 0 0 66 -210 -78 0 0 184 0 0 0 0 0 0 0 0 -102 -55 0 -36 98 0 0 0 0 0 90 0 0 0 0 0 0 0
-322 322 0 -132 82 0 -152 -240 215 0 0 148 0 -168 36 0 -203 0 68 -217 -81 184 -216 0 0 0 0 0 144 0 75 -112 0 -60 0 0 0 0 33 0 0 0 0 63 0 0 0 0 0 0
-329 329 -90 -135 84 0 0 0 220 76 160 0 0 -172 37 204 0 0 0 0 -84 0 0 192 0 0 0 105 152 0 0 0 -108 0 0 0 0 0 36 6 0 0 0 70 0 0 0 0 0 0
-336 336 -92 -138 86 0 -156 0 225 78 0 152 0 -176 38 210 -210 0 70 -224 0 0 0 200 0 -216 69 110 0 0 80 -120 0 -65 0 0 105 0 39 0 15 0 0 0 0 0 0 3 19 0
-343 343 -94 -141 88 0 -160 0 230 80 0 0 0 -180 39 216 -217 0 0 -231 0 192 0 0 0 0 72 115 160 0 0 0 0 0 80 0 0 0 0 0 0 0 0 0 0 0 0 0 0 0
-350 350 -96 -144 90 0 -164 0 235 82 164 156 0 -184 40 222 -224 0 0 0 -87 200 -225 0 0 -224 75 0 168 0 0 -128 0 0 88 -39 0 0 0 0 0 -63 0 0 0 0 0 0 0 0
-357 357 -98 -147 92 0 -168 0 240 0 168 0 0 -188 0 228 -231 0 72 0 0 208 -234 208 0 -232 78 120 176 0 0 -136 -114 -70 0 0 0 0 0 7 18 0 99 0 0 30 0 0 0 0
-364 364 -100 -150 94 0 -172 -246 245 84 172 160 0 -192 41 234 -238 0 74 0 -90 216 -243 0 0 -240 81 125 0 0 85 0 -120 0 0 -42 112 0 0 8 0 0 0 0 -88 0 0 0 0 0
-371 371 -102 0 96 0 -176 -252 250 0 176 0 0 -196 42 240 -245 0 76 -238 -93 224 0 216 0 0 0 0 184 0 0 -144 -126 0 0 0 0 0 42 0 0 0 0 0 0 0 0 0 0 0
-378 378 -104 -153 98 0 0 0 255 86 180 164 0 -200 0 246 0 0 78 -245 -96 232 -252 0 0 0 0 130 192 0 0 0 -132 -75 0 -45 119 0 45 0 0 0 0 0 0 0 0 6 0 0
-385 385 -106 -156 100 0 -180 -258 260 0 184 0 0 0 0 252 -252 0 80 -252 0 0 -261 224 0 0 84 0 200 0 90 -152 0 0 0 0 0 0 0 0 0 0 108 0 0 0 0 0 0 0
-392 392 -108 0 102 0 0 0 265 88 188 168 0 -204 43 258 0 0 82 0 -99 0 0 232 0 0 87 0 0 0 95 0 0 -80 96 -48 0 0 0 9 21 -70 0 0 0 0 0 0 0 0
-399 399 -110 -159 104 0 -184 -264 270 90 192 172 0 -208 44 0 -259 0 0 -259 -102 240 0 240 0 0 0 135 208 0 0 0 0 0 0 0 126 0 0 10 24 0 0 0 0 0 0 0 6 0
-406 406 -112 -162 106 0 -188 -270 275 92 0 176 0 0 45 264 -266 0 84 -266 -105 248 0 0 0 -248 0 0 216 0 0 -160 0 0 0 0 0 0 0 0 0 0 117 0 0 0 0 0 0 0
-413 413 0 -165 108 0 -192 -276 280 94 196 180 0 -212 46 270 -273 0 0 -273 -108 256 0 0 0 0 0 0 0 0 0 0 -138 0 0 -51 0 0 48 0 0 -77 0 0 0 0 0 0 0 0
-420 420 -114 -168 110 0 -196 -282 0 0 200 184 0 0 47 0 -280 0 86 0 -111 264 0 248 0 -256 90 140 0 0 0 -168 -144 0 0 -54 0 0 51 11 0 0 0 77 0 0 0 0 0 0
-427 427 -116 -171 112 0 -200 -288 0 96 204 188 0 0 48 276 0 0 88 0 0 0 0 0 0 0 93 0 0 0 100 0 -150 0 0 0 0 0 0 0 0 0 126 0 0 0 0 0 0 0
-434 434 -118 -174 114 0 -204 -294 285 0 208 192 0 -216 0 282 0 0 90 -280 0 272 -270 256 0 0 96 0 0 0 0 -176 0 0 0 -57 0 0 0 0 0 0 0 0 0 0 4 0 0 0
-441 441 -120 -177 116 0 -208 -300 290 98 212 196 0 0 49 288 -287 0 92 -287 -114 280 0 264 0 -264 0 145 0 0 0 0 -156 -85 0 -60 0 -81 0 0 0 0 0 84 0 0 0 0 0 0
-448 448 -122 -180 0 0 -212 -306 295 100 216 200 0 -220 50 294 0 0 94 0 0 288 0 0 0 0 99 0 224 0 0 0 -162 0 0 0 133 0 0 0 0 0 0 91 -96 0 0 0 0 0
-455 455 -124 -183 118 0 -216 -312 0 102 0 204 0 -224 51 0 -294 0 0 -294 -117 0 -279 0 0 -272 102 150 0 0 0 0 0 -90 0 0 0 -90 54 0 0 0 0 0 0 36 0 0 0 0
-462 462 -126 -186 120 0 -220 -318 0 104 0 208 0 -228 52 300 0 0 96 -301 -120 296 0 272 0 0 105 0 232 0 0 0 0 0 104 0 140 0 0 12 0 0 0 0 0 0 0 0 0 0
-469 469 -128 -189 0 0 0 -324 0 106 220 212 0 -232 0 0 -301 0 0 0 0 304 -288 280 0 0 108 0 240 0 105 0 -168 0 0 0 0 -99 0 0 27 0 0 0 0 0 0 0 0 0
-476 476 -130 -192 122 0 0 -330 300 108 224 0 0 -236 53 306 -308 0 0 0 -123 312 -297 0 0 0 0 0 0 0 110 0 -174 0 0 0 147 0 0 0 0 -84 0 0 0 0 0 0 0 0
-483 483 -132 -195 124 0 -224 -336 305 0 228 216 0 -240 54 312 -315 0 98 -308 -126 320 -306 288 0 -280 0 155 248 0 0 0 -180 -95 112 0 0 0 0 0 30 0 0 0 0 0 0 0 0 0
-490 490 -134 -198 126 0 -228 0 0 110 0 0 0 -244 0 318 -322 0 100 -315 -129 328 -315 296 0 -288 111 160 0 0 0 0 -186 -100 0 -63 0 0 57 0 0 0 0 0 0 0 0 9 0 0
-497 497 -136 -201 128 0 -232 -342 310 112 232 220 0 -248 55 324 0 0 102 -322 0 336 -324 304 0 0 114 165 256 0 115 -184 -192 0 0 0 154 0 0 13 0 0 0 0 0 0 0 0 0 0
-504 504 -138 -204 130 0 -236 -348 315 114 236 0 0 -252 56 0 -329 0 104 -329 -132 344 -333 312 0 0 0 170 264 0 0 -192 0 -105 0 0 0 0 0 0 33 0 0 0 0 0 0 12 0 0
-511 511 -140 -207 132 0 0 -354 320 116 240 224 0 0 0 330 -336 0 0 -336 -135 352 -342 320 0 -296 117 175 0 0 0 0 0 0 0 -66 0 0 0 0 36 0 0 0 0 0 0 0 0 0
-518 518 -142 0 134 0 -240 -360 325 118 244 0 0 -256 57 336 -343 0 106 -343 -138 360 0 328 0 -304 120 180 272 0 0 -200 -198 -110 0 0 0 0 60 0 0 0 0 0 -104 0 0 0 0 0
-525 525 -144 -210 136 0 -244 0 330 120 248 228 0 -260 0 342 0 0 0 0 0 0 -351 0 0 -312 0 185 280 0 120 0 0 0 0 0 0 0 0 0 0 0 135 0 0 0 0 0 0 0
-532 532 -146 -213 138 0 -248 -366 335 122 252 232 0 -264 0 0 -350 0 108 -350 0 0 -360 0 0 0 0 190 288 0 125 -208 0 -115 0 0 0 -108 0 0 0 0 144 0 -112 0 0 0 12 0
-539 539 -148 -216 140 0 -252 -372 340 124 256 0 0 0 0 0 0 0 110 0 -141 368 -369 0 0 0 0 195 296 0 0 -216 0 0 0 0 161 0 63 0 39 0 0 0 0 42 0 0 0 0
-546 546 -150 0 142 0 -256 -378 345 126 260 236 0 -268 58 348 0 0 0 -357 -144 376 -378 336 0 -320 123 0 304 0 130 0 0 -120 120 -69 0 0 0 0 0 0 153 0 0 48 0 0 18 0
-553 553 -152 0 144 0 -260 -384 350 128 264 0 0 -272 0 354 0 0 0 -364 0 0 -387 0 0 -328 0 200 0 0 0 0 -204 -125 128 -72 0 0 0 0 42 0 0 0 0 0 0 0 0 0
-560 560 -154 -219 146 0 -264 -390 355 0 268 240 0 -276 59 0 -357 0 112 0 0 0 -396 344 0 -336 0 0 0 0 135 0 0 0 0 -75 168 0 0 0 0 0 0 0 0 0 0 0 0 0
-567 567 -156 -222 148 0 -268 -396 0 130 272 0 0 -280 0 0 -364 0 0 0 0 384 -405 352 0 0 0 205 0 0 0 -224 0 -130 136 0 0 -117 0 14 0 0 0 98 0 0 0 0 0 0
-574 574 -158 -225 150 0 -272 -402 360 132 276 244 0 0 60 0 -371 0 0 -371 0 392 -414 360 0 -344 0 0 0 0 140 -232 0 -135 144 -78 0 0 0 0 0 -91 162 0 -120 0 0 0 0 0
-581 581 -160 -228 152 0 -276 -408 0 134 280 248 0 -284 61 360 0 0 114 -378 -147 400 -423 368 0 0 0 210 312 0 0 -240 -210 0 152 0 0 -126 0 0 45 0 171 0 0 0 0 0 0 0
-588 588 -162 -231 0 0 -280 -414 365 136 284 252 0 -288 62 366 -378 0 116 0 0 0 -432 376 0 -352 126 215 320 0 0 -248 -216 0 160 -81 0 -135 0 15 48 0 180 105 0 0 0 0 0 0
-595 595 -164 0 154 0 -284 -420 370 138 288 256 0 0 63 372 0 0 118 -385 -150 408 0 384 0 -360 0 0 328 0 0 0 0 -140 0 0 175 -144 0 0 0 0 0 0 0 0 0 0 0 0
-602 602 -166 -234 156 0 -288 -426 375 140 292 260 0 0 64 0 -385 0 120 0 -153 0 -441 392 0 -368 0 0 336 0 0 -256 -222 -145 0 0 0 0 0 0 0 0 0 0 0 0 0 0 0 0
-609 609 -168 -237 158 0 0 -432 380 142 296 264 0 -292 0 378 0 0 0 -392 -156 0 -450 0 0 -376 0 220 0 0 145 0 -228 0 0 0 182 -153 66 0 0 0 0 0 0 0 0 0 0 0
-616 616 -170 -240 160 0 -292 -438 385 144 300 268 0 -296 0 384 -392 0 122 -399 -159 416 -459 400 0 -384 0 0 0 0 150 0 0 0 168 0 189 0 0 0 51 -98 0 0 0 0 5 0 0 0
-623 623 -172 -243 162 0 -296 -444 390 146 304 0 0 -300 65 0 -399 0 0 -406 -162 0 -468 0 0 0 129 225 0 0 0 0 0 -150 0 -84 0 0 69 0 0 0 189 0 0 0 0 0 0 0
-630 630 -174 -246 164 0 -300 -450 395 148 308 272 0 -304 66 390 -406 0 0 0 0 0 -477 408 0 0 0 0 0 0 0 0 -234 0 0 -87 196 0 0 0 0 0 0 0 0 0 0 0 24 0
-637 637 -176 -249 166 0 -304 -456 400 150 0 276 0 0 67 396 -413 0 124 0 0 424 0 416 0 -392 0 230 344 0 0 0 0 -155 0 0 0 0 72 0 54 0 0 0 0 0 0 0 0 0
-644 644 -178 -252 168 0 -308 -462 0 152 312 0 0 -308 0 0 -420 0 126 -413 0 432 -486 424 0 0 132 235 352 0 0 0 -240 0 0 -90 0 0 0 16 0 0 0 0 0 0 6 0 0 0
-651 651 -180 -255 170 0 -312 -468 0 154 316 280 0 -312 0 402 -427 0 128 -420 -165 0 0 432 0 -400 135 240 0 0 0 0 -246 0 176 0 203 0 0 0 0 0 0 112 0 0 0 0 0 0
-658 658 -182 -258 172 0 -316 -474 405 156 320 0 0 -316 68 0 0 0 0 -427 0 0 0 440 0 0 0 245 360 0 0 0 -252 0 0 0 210 0 0 17 0 0 0 0 0 0 0 0 0 0
-665 665 -184 -261 174 0 -320 -480 0 0 324 284 0 -320 69 408 0 0 130 -434 -168 440 -495 448 0 0 138 0 0 0 0 0 0 0 0 0 217 0 0 0 57 0 0 0 -128 0 0 0 0 0
-672 672 -186 -264 176 0 -324 0 410 158 0 0 0 -324 0 0 -434 0 132 0 -171 448 -504 456 0 0 0 250 368 0 155 -264 -258 -160 0 0 224 -162 75 0 0 0 0 0 0 0 0 0 0 0
-679 679 -188 -267 178 0 -328 -486 415 160 328 288 0 -328 70 414 -441 0 134 0 0 456 -513 464 0 -408 0 0 0 0 0 -272 0 0 0 0 0 -171 0 0 0 0 0 0 -136 0 0 0 0 0
-686 686 -190 -270 180 0 -332 -492 420 162 332 292 0 -332 71 0 0 0 0 -441 0 464 -522 0 0 -416 141 0 0 0 0 0 -264 0 0 -93 0 -180 0 0 0 0 0 0 0 0 0 0 0 0
-693 693 -192 -273 0 0 -336 -498 425 0 336 296 0 -336 72 420 0 0 0 -448 -174 472 0 472 0 -424 0 0 0 0 160 0 -270 -165 0 0 231 0 0 0 0 0 198 0 0 0 0 0 0 0
-700 700 -194 -276 182 0 -340 -504 430 164 0 300 0 -340 0 0 -448 0 136 -455 -177 480 0 480 0 0 0 0 0 0 0 0 -276 0 184 0 0 0 0 0 0 0 207 119 0 0 0 0 0 0
-707 707 -196 -279 184 0 -344 -510 435 0 340 304 0 -344 73 0 -455 0 138 0 0 488 -531 488 0 -432 144 255 376 0 0 -280 0 0 192 0 238 0 0 0 0 0 0 0 0 0 0 0 0 0
-714 714 -198 0 186 0 -348 -516 440 166 344 308 0 -348 0 0 0 0 140 -462 0 496 0 496 0 -440 147 0 0 0 0 0 -282 0 200 0 0 0 0 0 0 0 0 126 0 0 0 0 0 0
-721 721 -200 -282 188 0 -352 -522 445 168 348 312 0 -352 74 426 -462 0 142 -469 -180 0 -540 0 0 -448 0 0 384 0 165 0 0 -170 0 -96 245 0 0 18 0 0 216 0 0 0 0 0 0 0
-728 728 0 -285 190 0 -356 -528 450 170 352 316 0 0 75 432 -469 0 144 -476 0 504 -549 504 0 -456 0 260 0 0 0 0 0 0 208 -99 252 0 78 19 0 0 0 0 0 0 0 0 0 0
-735 735 -202 -288 192 0 -360 -534 455 172 356 320 0 -356 0 438 0 0 146 -483 -183 0 0 512 0 0 150 0 0 0 0 0 0 -175 0 0 0 -189 0 20 0 -105 0 0 0 0 0 0 0 0
-742 0 -204 -291 194 0 -364 -540 460 174 360 0 0 -360 76 444 0 0 148 -490 -186 512 -558 0 0 0 153 0 392 0 0 -288 -288 0 0 0 0 0 0 21 0 -112 225 0 0 0 0 0 0 0
-749 742 -206 -294 196 0 0 -546 0 0 364 0 0 -364 0 450 -476 0 150 -497 0 520 0 520 0 -464 0 265 400 0 170 0 0 -180 0 0 0 0 81 0 0 -119 0 0 0 0 0 0 30 0
-756 749 -208 -297 198 0 -368 -552 0 0 368 324 0 0 77 456 0 0 152 -504 -189 528 -567 528 0 0 156 270 0 0 175 -296 0 -185 216 0 0 0 84 0 0 -126 0 133 0 0 0 0 0 0
-763 756 -210 -300 200 0 -372 -558 465 176 372 328 0 0 78 462 0 0 154 0 -192 0 -576 0 0 -472 159 0 408 0 180 0 0 0 0 0 259 0 87 0 0 0 0 0 0 0 0 0 0 0
-770 763 -212 -303 202 0 -376 -564 0 178 376 332 0 0 79 0 0 0 0 -511 -195 0 0 536 0 -480 162 275 0 0 0 -304 0 0 224 -102 0 0 90 0 0 -133 0 140 0 0 0 0 0 0
-777 770 -214 -306 0 0 -380 0 0 180 380 336 0 0 0 468 0 0 0 -518 0 0 -585 544 0 -488 165 0 0 0 185 0 0 -190 232 0 266 -198 0 0 0 -140 0 0 0 0 0 0 0 0
-784 777 -216 0 204 0 -384 -570 470 182 384 0 0 -368 80 474 -483 0 156 -525 -198 536 -594 0 0 -496 168 280 0 0 190 0 -294 0 0 0 0 0 93 0 0 0 234 0 0 0 7 0 0 0
-791 784 -218 -309 206 0 -388 -576 0 184 388 340 0 0 81 0 -490 0 158 -532 -201 0 -603 552 0 0 0 285 416 0 0 -312 0 0 0 0 0 -207 0 22 0 0 0 0 0 0 0 0 0 0
-798 791 -220 -312 208 0 -392 0 475 186 392 344 0 0 82 480 -497 0 0 -539 -204 0 -612 560 0 0 0 290 424 0 195 0 -300 0 240 0 0 0 0 0 0 0 0 147 0 0 0 0 0 0
-805 798 -222 -315 210 0 -396 -582 0 0 396 348 0 0 83 486 0 0 160 -546 -207 544 -621 0 0 0 0 295 432 0 0 0 0 0 0 0 0 0 0 0 0 0 0 0 0 54 8 0 0 0
-812 805 -224 -318 212 0 -400 -588 480 188 400 352 0 -372 0 492 -504 0 162 -553 0 552 -630 0 0 0 0 0 0 0 0 0 -306 0 248 0 0 -216 0 23 0 0 0 0 0 0 0 0 0 0
-819 812 -226 -321 214 0 -404 -594 485 190 0 356 0 -376 0 498 -511 0 164 -560 0 0 -639 0 0 -504 171 0 0 0 0 -320 -312 0 256 0 0 0 0 0 0 0 0 0 0 0 0 0 0 0
-826 819 -228 -324 216 0 -408 -600 490 0 0 0 0 0 84 0 -518 0 166 -567 -210 560 -648 568 0 0 174 300 0 0 200 -328 -318 -195 0 0 0 0 96 0 60 0 0 154 0 0 9 0 0 0
-833 826 -230 0 218 0 -412 -606 495 192 404 360 0 0 85 0 -525 0 0 0 0 0 0 0 0 0 0 305 440 0 205 0 0 0 264 -105 0 -225 0 0 0 0 0 0 0 0 0 0 0 0
-840 833 -232 0 220 0 -416 -612 0 0 408 364 0 0 86 0 0 0 168 -574 -213 568 -657 576 0 -512 0 0 0 0 0 -336 0 -200 272 0 0 -234 0 24 0 0 0 0 0 0 0 15 0 0
-847 840 0 -327 222 0 -420 -618 500 194 412 368 0 -380 87 0 -532 0 170 0 -216 576 0 0 0 -520 0 0 448 0 0 0 0 0 280 0 273 0 0 0 0 0 0 0 0 0 0 0 0 0
-854 847 -234 -330 224 0 -424 0 505 196 416 0 0 -384 88 504 -539 0 0 0 -219 0 0 584 0 0 177 0 456 0 0 0 0 -205 0 -108 0 0 0 0 0 -147 243 0 0 0 0 0 0 0
-861 854 -236 -333 226 0 -428 -624 510 198 420 372 0 0 89 0 -546 0 172 0 0 0 -666 592 0 0 0 310 464 0 210 0 -324 -210 288 0 280 0 0 0 0 -154 0 0 0 0 10 0 0 0
-868 861 -238 -336 228 0 -432 -630 515 200 424 376 0 -388 90 510 -553 0 0 0 0 584 -675 0 0 0 180 0 0 0 0 -344 0 0 296 0 0 0 0 0 0 -161 0 0 0 0 0 0 0 0
-875 868 -240 -339 230 0 -436 -636 520 202 428 0 0 -392 91 0 -560 0 174 -581 0 592 0 600 0 0 183 0 0 0 215 0 0 0 0 -111 0 0 99 0 0 0 252 0 0 0 0 0 0 0
-882 875 -242 -342 232 0 -440 -642 525 204 432 380 0 -396 92 516 -567 0 0 -588 0 600 -684 608 0 0 186 0 0 0 0 0 0 0 0 -114 287 0 102 0 0 0 0 161 0 0 0 0 0 0
-889 882 -244 -345 234 0 -444 -648 530 206 436 384 0 0 93 0 -574 0 176 -595 -222 608 -693 616 0 0 189 315 472 0 220 0 0 0 304 0 294 0 0 25 0 0 0 0 0 0 0 18 0 0
-896 889 -246 -348 236 0 -448 -654 535 208 440 388 0 -400 94 0 -581 0 178 0 0 616 -702 0 0 0 0 0 0 0 0 -352 -330 -215 312 0 0 0 0 26 0 0 0 0 0 0 0 0 0 0
-903 896 -248 -351 238 0 -452 0 540 210 444 392 0 -404 95 0 -588 0 180 0 0 0 -711 624 0 -528 0 0 0 0 225 0 -336 0 0 0 301 0 0 0 0 0 0 0 0 0 0 0 0 0
-910 903 -250 -354 0 0 -456 -660 545 212 448 396 0 -408 0 522 -595 0 182 0 0 0 0 632 0 0 0 0 0 0 0 0 -342 0 0 0 0 0 0 0 63 0 0 0 0 60 0 0 0 0
-917 910 -252 -357 240 0 -460 -666 550 214 452 0 0 0 96 528 0 0 0 -602 0 0 -720 640 0 -536 0 0 480 0 230 -360 -348 -220 0 0 308 0 105 0 0 0 0 0 0 0 0 0 0 0
-924 917 -254 -360 242 0 -464 -672 555 216 456 400 0 -412 97 534 -602 0 184 0 -225 624 -729 0 0 -544 0 0 488 0 235 0 0 0 0 0 0 -243 0 0 66 0 0 168 0 0 0 0 0 0
-931 924 -256 -363 244 0 -468 0 560 218 460 0 0 -416 98 540 -609 0 186 -609 0 632 0 648 0 0 192 320 496 0 0 0 -354 -225 320 -117 0 -252 108 0 0 0 0 0 0 0 0 0 0 0
-938 931 0 -366 246 0 -472 -678 565 220 0 404 0 -420 99 546 -616 0 0 -616 -228 640 0 0 0 -552 0 325 504 0 240 0 0 0 0 -120 0 -261 0 0 0 -168 0 0 0 0 0 0 0 0
-945 938 -258 -369 248 0 -476 -684 570 0 0 408 0 -424 100 552 -623 0 188 -623 0 648 0 0 0 -560 0 330 0 0 0 -368 0 0 328 0 315 -270 0 0 0 0 261 0 0 0 0 0 0 0
-952 945 -260 -372 250 0 -480 -690 575 222 464 412 0 0 101 558 0 0 190 -630 -231 656 -738 656 0 0 195 335 512 0 0 -376 0 -230 0 -123 0 -279 0 27 69 0 270 0 0 0 0 21 0 0
-959 952 -262 -375 252 0 -484 -696 0 224 468 416 0 -428 102 0 0 0 0 0 -234 664 0 664 0 0 0 340 520 0 0 0 -360 -235 0 0 0 0 111 0 0 0 0 0 0 0 0 0 0 0
-966 959 -264 -378 254 0 -488 -702 0 226 0 420 0 -432 103 0 -630 0 0 -637 -237 672 -747 672 0 -568 198 0 528 0 0 0 0 -240 0 0 0 0 0 0 0 0 279 0 0 0 11 0 0 0
-973 966 -266 -381 256 0 -492 -708 580 228 472 424 0 0 0 564 -637 0 0 0 -240 0 -756 0 0 0 201 345 536 0 0 0 0 0 0 0 0 0 0 0 0 0 0 0 0 0 12 0 0 0
-980 973 -268 -384 258 0 -496 -714 585 230 476 428 0 -436 104 0 -644 0 192 -644 -243 0 -765 680 0 0 0 0 544 0 0 0 0 -245 0 -126 0 0 0 0 0 0 0 0 0 66 0 0 0 0
-987 980 -270 -387 260 0 -500 -720 0 232 0 432 0 0 105 570 -651 0 194 -651 -246 0 0 688 0 -576 204 0 0 0 0 -384 -366 0 336 0 0 0 0 0 0 0 0 0 0 0 13 0 0 0
-994 987 -272 -390 262 0 -504 -726 590 234 0 436 0 -440 106 576 -658 0 0 -658 -249 0 -774 0 0 0 207 0 0 0 245 -392 -372 0 0 -129 322 0 0 28 0 0 0 0 0 0 0 0 0 0
-1001 994 -274 -393 264 0 -508 -732 595 236 480 440 0 0 0 582 0 0 196 -665 0 680 0 696 0 0 0 0 552 0 0 0 0 -250 0 -132 0 0 114 0 72 0 0 0 0 0 0 0 0 0
-1008 1001 -276 -396 266 0 -512 -738 600 0 484 444 0 0 0 0 0 0 198 -672 0 688 -783 704 0 -584 0 350 0 0 250 0 0 -255 0 -135 0 0 0 29 0 0 288 175 0 0 0 0 0 0
-1015 1008 -278 -399 268 0 -516 -744 605 238 488 448 0 -444 107 588 0 0 200 0 -252 696 0 712 0 0 0 0 0 0 0 0 0 -260 344 0 0 0 0 0 0 0 297 182 0 0 0 0 0 0
-1022 1015 -280 -402 270 0 -520 -750 0 240 492 452 0 -448 0 0 0 0 202 0 -255 704 0 720 0 -592 0 0 0 0 255 0 -378 0 0 0 0 0 0 0 0 -175 0 0 0 0 14 0 0 0
-1029 1022 -282 -405 272 0 0 -756 610 242 0 456 0 -452 108 0 0 0 204 -679 -258 712 0 0 0 0 0 355 0 0 260 0 0 0 352 0 0 -288 0 30 75 -182 0 0 0 0 0 0 0 0
-1036 1029 -284 -408 274 0 -524 -762 615 244 496 460 0 -456 109 594 -665 0 206 -686 -261 0 0 0 0 -600 0 360 0 0 0 0 0 0 0 -138 0 0 117 0 78 0 0 0 0 72 0 0 0 0
-1043 1036 -286 -411 276 0 -528 -768 620 246 500 464 0 0 0 600 0 0 208 0 0 0 -792 0 0 0 210 365 560 0 265 -400 -384 0 0 -141 0 0 0 0 0 0 0 0 0 0 0 0 0 0
-1050 1043 -288 -414 278 0 -532 -774 625 248 504 0 0 -460 110 606 0 0 0 0 0 720 -801 0 0 0 213 0 568 0 0 0 -390 0 0 0 0 -297 120 31 81 0 0 0 -144 0 0 0 0 0
-1057 1050 0 0 280 0 -536 -780 630 0 508 468 0 0 0 612 0 0 210 -693 0 728 0 728 0 -608 0 370 576 0 0 0 0 0 0 0 0 0 123 32 0 0 0 0 0 0 0 0 0 0
-1064 1057 -290 -417 282 0 -540 -786 635 0 512 472 0 -464 111 618 -672 0 212 0 -264 0 -810 736 0 -616 0 375 0 0 270 -408 -396 0 360 0 0 -306 0 0 0 0 0 0 0 0 0 0 36 0
-1071 1064 -292 -420 0 0 -544 -792 640 250 516 0 0 0 112 624 -679 0 214 -700 -267 736 0 0 0 0 216 0 0 0 0 -416 0 0 368 0 329 0 0 0 0 -189 0 189 0 78 0 0 0 0
-1078 1071 -294 -423 284 0 -548 -798 645 252 0 476 0 -468 113 630 -686 0 216 -707 -270 0 -819 744 0 0 0 0 584 0 0 -424 -402 0 376 -144 0 0 0 33 0 -196 0 0 0 0 0 0 0 0
-1085 1078 -296 -426 0 0 -552 -804 650 254 0 480 0 -472 0 636 0 0 0 -714 -273 0 -828 0 0 -624 219 0 0 0 0 0 -408 0 384 0 0 0 126 0 84 0 0 0 0 0 0 0 0 0
-1092 1085 -298 -429 286 0 -556 -810 655 256 520 484 0 -476 114 642 0 0 218 -721 0 744 0 0 0 -632 0 0 592 0 0 0 0 -265 0 -147 0 0 0 34 0 0 0 196 0 0 0 0 0 0
-1099 1092 0 -432 288 0 -560 -816 660 258 524 0 0 -480 0 648 -693 0 220 -728 -276 0 -837 0 0 -640 222 0 600 0 275 -432 0 0 0 0 0 0 0 0 0 0 0 0 0 0 0 0 0 0
-1106 1099 -300 0 290 0 -564 0 665 260 528 488 0 -484 115 654 -700 0 222 0 -279 752 0 0 0 -648 225 380 608 0 0 -440 -414 -270 392 -150 0 -315 0 0 0 0 0 203 0 0 0 0 0 0
-1113 1106 -302 -435 292 0 -568 -822 670 262 532 492 0 -488 116 0 -707 0 224 -735 -282 0 -846 752 0 -656 0 0 0 0 0 0 0 -275 0 0 0 0 0 35 0 0 306 0 0 84 15 0 0 0
-1120 1113 -304 -438 294 0 -572 -828 675 0 536 496 0 -492 117 660 -714 0 0 -742 0 760 -855 0 0 0 0 385 616 0 0 0 0 0 0 0 0 0 129 0 0 0 0 0 0 0 16 0 0 0
-1127 1120 -306 -441 296 0 -576 -834 0 264 540 500 0 -496 0 666 -721 0 0 -749 -285 0 -864 760 0 -664 0 390 0 0 280 0 0 -280 0 0 0 0 0 0 0 0 0 0 0 0 0 0 0 0
-1134 1127 -308 -444 298 0 0 -840 680 266 0 504 0 -500 118 0 -728 0 226 -756 0 0 -873 0 0 0 228 0 0 0 0 0 0 0 400 -153 336 -324 0 0 0 -203 0 0 0 0 0 0 0 0
-1141 1134 -310 -447 300 0 0 -846 685 268 0 508 0 -504 0 672 0 0 228 -763 -288 768 0 768 0 -672 231 395 624 0 0 0 -420 0 0 0 0 0 0 0 0 -210 0 0 -152 0 0 0 0 0
-1148 1141 -312 -450 302 0 0 -852 690 270 0 512 0 -508 119 678 0 0 230 -770 -291 0 0 0 0 0 234 400 0 0 285 -448 0 0 0 0 0 0 132 36 0 0 0 0 -160 0 0 0 0 6
-1155 1148 -314 -453 304 0 -580 -858 695 272 544 516 0 -512 120 684 -735 0 0 -777 -294 0 -882 0 0 0 237 0 0 0 0 0 0 -285 0 0 343 0 0 37 87 0 315 0 0 0 0 24 0 0
-1162 1155 -316 -456 306 0 -584 -864 700 274 0 520 0 -516 121 690 -742 0 232 -784 -297 776 0 0 0 0 240 0 0 0 0 -456 0 0 408 -156 350 0 0 0 0 0 0 0 -168 0 0 27 0 0
-1169 1162 -318 -459 308 0 -588 -870 705 0 548 0 0 -520 0 696 -749 0 234 -791 -300 784 -891 0 0 0 0 405 0 0 0 0 0 0 0 0 0 0 135 0 0 -217 0 0 0 0 0 0 0 0
-1176 1169 -320 -462 310 0 -592 -876 710 276 552 524 0 -524 122 0 -756 0 236 0 -303 0 -900 776 0 0 243 0 0 0 0 -464 0 -290 416 -159 0 0 0 0 0 -224 0 0 0 90 0 0 0 12
-1183 1176 -322 -465 312 0 -596 -882 715 278 0 528 0 -528 123 702 -763 0 238 0 0 792 -909 0 0 -680 246 410 632 0 0 -472 0 -295 424 0 357 -333 0 0 0 -231 0 0 0 0 0 0 0 0
-1190 1183 -324 -468 314 0 -600 -888 720 0 0 532 0 -532 0 708 -770 0 0 -798 0 800 -918 784 0 -688 249 0 0 0 0 0 0 0 0 -162 364 0 0 0 0 -238 324 0 0 0 0 0 0 0
-1197 1190 -326 -471 316 0 -604 -894 725 280 556 536 0 0 0 714 -777 0 0 0 0 808 0 792 0 0 252 0 0 0 0 -480 -426 0 0 0 371 0 0 38 0 0 0 0 0 0 0 0 0 0
-1204 1197 -328 -474 318 0 -608 -900 0 0 560 540 0 -536 124 0 -784 0 0 0 0 0 -927 800 0 0 255 415 640 0 0 0 0 0 432 0 0 -342 138 0 0 -245 0 0 0 0 17 0 0 0
-1211 1204 -330 -477 320 0 -612 0 730 282 564 544 0 0 0 0 0 0 240 -805 0 0 0 808 0 0 0 0 0 0 0 0 0 0 440 0 0 -351 0 0 90 0 0 210 0 0 0 0 0 0
-1218 1211 -332 -480 322 0 -616 -906 0 284 0 548 0 -540 125 0 0 0 0 -812 0 816 -936 0 0 0 258 420 648 0 290 0 0 0 448 0 0 0 0 0 0 -252 0 0 0 0 0 30 0 0
-1225 0 0 -483 324 0 -620 -912 735 286 568 552 0 -544 0 0 -791 0 242 -819 0 824 0 0 0 0 261 0 0 0 295 -488 -432 0 0 -165 0 -360 0 39 0 0 0 0 0 0 0 0 0 0
-1232 1218 -334 -486 326 0 -624 -918 740 288 572 556 0 0 126 720 0 0 0 0 -306 832 -945 816 0 -696 264 425 0 0 0 0 -438 0 456 0 0 0 0 40 93 0 0 0 0 0 0 33 0 0
-1239 1225 -336 -489 328 0 -628 -924 745 290 576 0 0 0 0 0 0 0 0 -826 -309 840 0 824 0 -704 0 0 656 0 0 0 0 0 464 0 0 0 0 0 0 0 333 0 0 0 0 0 0 0
-1246 1232 -338 -492 330 0 -632 -930 750 292 580 560 0 -548 127 726 0 0 244 0 0 848 -954 0 0 -712 0 430 0 0 300 0 -444 0 0 0 0 0 0 0 0 0 0 0 0 96 0 0 42 0
-1253 1239 -340 -495 332 0 -636 -936 755 294 584 564 0 -552 0 732 0 0 246 0 -312 856 -963 832 0 0 267 0 0 0 305 0 0 -300 0 -168 0 -369 141 0 0 -259 0 0 0 0 0 0 0 0
-1260 1246 -342 -498 334 0 -640 -942 760 0 588 568 0 0 128 0 -798 0 248 -833 -315 864 -972 0 0 -720 0 0 664 0 0 -496 0 0 0 0 0 0 0 0 0 0 342 0 0 0 0 0 0 0
-1267 1253 -344 -501 336 0 -644 -948 765 296 592 572 0 -556 0 738 -805 0 250 0 -318 872 -981 0 0 -728 0 0 0 0 310 0 0 0 0 -171 0 0 0 0 0 0 0 0 0 102 0 0 0 0
-1274 1260 -346 -504 338 0 -648 -954 770 298 596 576 0 -560 129 744 -812 0 0 0 0 0 0 840 0 -736 270 0 0 0 315 -504 0 0 0 0 0 0 0 0 0 0 0 0 0 0 0 0 0 0
-1281 1267 -348 -507 340 0 0 -960 775 300 600 580 0 -564 130 750 -819 0 0 -840 -321 880 -990 848 0 -744 0 0 0 0 0 0 0 -305 0 0 0 0 0 0 0 0 0 0 0 0 0 0 0 0
-1288 1274 -350 -510 342 0 -652 -966 780 0 0 584 0 -568 131 756 0 0 0 -847 -324 0 -999 0 0 -752 0 0 672 0 0 0 -450 -310 0 0 0 0 0 0 0 0 0 0 -176 0 0 0 48 0
-1295 1281 -352 -513 344 0 0 -972 785 302 604 588 0 -572 132 762 0 0 252 -854 -327 888 0 856 0 0 273 0 0 0 320 -512 0 -315 0 -174 0 0 0 0 96 0 351 0 0 108 0 0 0 0
-1302 1288 -354 -516 0 0 -656 -978 790 304 0 592 0 -576 133 768 0 0 254 0 -330 896 0 0 0 -760 0 0 0 0 0 0 0 0 472 -177 0 0 0 41 0 0 0 0 0 0 0 0 0 0
-1309 1295 -356 -519 346 0 -660 -984 795 306 0 0 0 -580 0 0 -826 0 0 0 -333 904 -1008 0 0 0 276 435 0 0 0 0 0 0 0 0 378 -378 0 0 0 0 0 0 0 114 0 0 0 0
-1316 1302 -358 -522 348 0 -664 -990 800 308 0 596 0 0 134 774 0 0 0 0 -336 912 0 864 0 0 279 0 680 0 325 -520 0 0 480 0 0 0 144 0 0 0 0 0 0 0 0 0 0 0
-1323 1309 -360 -525 350 0 0 -996 805 310 608 600 0 -584 0 780 -833 0 256 -861 0 920 0 0 0 -768 0 440 688 0 0 0 0 0 488 0 385 -387 0 0 0 -266 360 0 0 0 0 0 0 0
-1330 1316 -362 -528 352 0 -668 -1002 810 312 612 0 0 -588 135 786 0 0 0 0 -339 928 0 872 0 -776 0 0 696 0 0 0 -456 -320 0 0 0 0 0 0 0 0 0 0 0 0 0 0 0 18
-1337 1323 -364 0 354 0 -672 0 815 314 616 604 0 -592 136 792 -840 0 0 -868 0 936 -1017 880 0 -784 0 0 0 0 330 -528 -462 0 496 0 0 0 0 0 0 0 0 0 -184 0 0 0 0 0
-1344 1330 -366 -531 356 0 -676 -1008 820 316 620 608 0 -596 137 798 -847 0 0 0 0 944 -1026 0 0 0 282 445 704 0 0 0 0 0 504 -180 0 0 0 0 0 -273 0 0 0 0 0 0 0 0
-1351 0 -368 -534 358 0 -680 -1014 825 318 624 612 0 -600 0 804 0 0 258 -875 0 952 0 888 0 -792 0 0 0 0 0 0 -468 0 512 -183 0 0 0 0 0 0 0 0 0 0 0 0 0 0
-1358 1337 -370 -537 360 0 -684 -1020 830 320 0 616 0 -604 0 810 0 0 260 0 -342 960 -1035 896 0 0 0 0 0 0 0 -536 0 0 0 0 0 0 147 42 0 0 0 0 0 120 0 0 0 0
-1365 1344 -372 0 362 0 -688 -1026 835 322 628 0 0 0 138 0 -854 0 262 -882 0 0 0 0 0 0 0 0 712 0 335 -544 -474 0 0 0 0 0 0 0 99 -280 0 0 0 0 0 0 0 0
-1372 1351 -374 -540 364 0 -692 -1032 0 324 632 620 0 -608 139 816 0 0 264 -889 -345 968 0 0 0 0 285 0 720 0 340 0 -480 0 0 0 392 0 150 0 0 0 0 0 0 0 0 0 54 0
-1379 1358 -376 -543 366 0 -696 -1038 840 326 0 0 0 -612 140 0 -861 0 0 -896 0 0 -1044 904 0 0 0 0 0 0 0 -552 -486 -325 0 0 0 -396 0 0 0 0 0 0 -192 0 0 0 0 0
-1386 1365 -378 -546 368 0 -700 -1044 845 0 0 624 0 0 141 822 -868 0 266 -903 0 0 0 0 0 0 0 450 0 0 0 -560 0 0 0 0 399 0 0 43 0 0 0 0 -200 0 0 0 0 0
-1393 1372 -380 -549 370 0 -704 -1050 850 328 0 628 0 -616 142 828 -875 0 0 -910 -348 0 0 0 0 0 0 455 728 0 0 0 -492 0 520 0 406 0 153 0 0 0 0 0 0 0 0 0 0 0
-1400 1379 -382 -552 372 0 -708 -1056 855 330 636 0 0 -620 143 834 -882 0 268 -917 0 976 0 912 0 -800 288 0 736 0 0 -568 0 0 0 0 0 0 0 0 0 0 0 0 0 126 0 0 0 0
-1407 1386 -384 -555 0 0 -712 -1062 860 0 640 632 0 -624 144 840 0 0 0 -924 -351 984 -1053 0 0 -808 291 0 744 0 0 0 -498 -330 0 0 0 0 0 0 0 0 369 217 0 0 0 36 0 0
-1414 1393 -386 -558 374 0 -716 -1068 865 332 644 636 0 -628 0 0 0 0 0 -931 -354 992 0 0 0 0 0 460 0 0 345 -576 0 0 528 0 413 0 0 0 102 0 0 0 0 132 0 0 0 0
-1421 1400 -388 -561 376 0 -720 0 870 334 648 0 0 -632 145 0 -889 0 0 -938 -357 1000 0 920 0 0 0 465 0 0 0 0 0 0 0 0 0 0 0 0 0 0 0 0 0 0 0 0 0 24
-1428 1407 -390 -564 378 0 -724 -1074 0 336 652 640 0 0 146 846 -896 0 270 -945 -360 1008 0 0 0 0 0 470 0 0 350 0 -504 -335 0 0 0 0 0 0 0 0 378 0 0 0 0 0 0 0
-1435 1414 -392 -567 380 0 -728 0 875 338 656 644 0 -636 147 852 -903 0 0 -952 -363 0 -1062 928 0 -816 294 0 0 0 0 0 0 0 0 -186 0 -405 156 0 0 0 0 0 0 0 0 0 0 0
-1442 1421 -394 -570 382 0 -732 -1080 880 340 660 648 0 -640 0 858 -910 0 0 -959 0 1016 0 936 0 0 0 0 0 0 0 0 -510 0 536 -189 0 0 159 0 0 0 0 0 0 138 0 0 0 0
-1449 1428 -396 -573 384 0 -736 0 885 342 664 652 0 0 148 864 -917 0 0 0 -366 1024 -1071 944 0 0 297 0 752 0 355 0 0 -340 0 0 0 -414 162 0 0 0 0 0 0 0 18 0 0 0
-1456 1435 -398 -576 386 0 0 -1086 890 0 668 0 0 -644 149 870 0 0 272 -966 -369 1032 -1080 0 0 0 0 475 760 0 0 0 0 -345 544 -192 420 0 0 0 0 0 0 0 0 0 0 0 0 0
-1463 1442 -400 -579 388 0 -740 -1092 895 344 672 656 0 -648 0 876 -924 0 274 0 -372 1040 0 0 0 0 300 480 0 0 0 -584 0 0 0 0 0 0 0 0 105 0 0 0 0 0 0 0 0 0
-1470 1449 -402 -582 390 0 -744 -1098 900 346 676 0 0 -652 150 0 -931 0 276 -973 0 0 0 0 0 -824 0 0 768 0 0 0 0 0 0 0 0 0 0 0 0 -287 0 0 0 0 0 0 0 0
-1477 1456 -404 -585 392 0 -748 0 905 0 680 660 0 -656 151 882 0 0 278 0 -375 1048 0 0 0 -832 0 0 776 0 0 -592 0 0 0 0 0 0 0 0 0 0 0 0 -208 0 0 0 0 0
-1484 1463 -406 -588 394 0 -752 -1104 910 348 684 664 0 -660 152 0 0 0 280 0 -378 1056 -1089 0 0 0 0 0 0 0 360 -600 0 0 0 0 0 0 0 0 0 0 0 0 0 0 0 0 0 0
-1491 1470 -408 -591 396 0 -756 -1110 915 350 688 668 0 0 0 888 -938 0 0 0 0 1064 0 0 0 -840 303 0 0 0 0 0 0 -350 0 -195 0 -423 0 0 108 0 0 0 0 0 19 0 0 0
-1498 1477 -410 -594 398 0 -760 -1116 920 352 692 672 0 -664 0 0 -945 0 0 0 -381 1072 0 0 0 -848 306 485 784 0 365 -608 -516 0 0 -198 0 -432 0 0 0 0 387 0 0 0 0 0 60 0
-1505 1484 -412 -597 400 0 -764 -1122 925 354 696 0 0 -668 153 894 0 0 0 -980 0 1080 0 0 0 -856 309 0 0 0 0 -616 0 -355 0 -201 427 0 0 0 0 0 0 0 0 0 0 0 0 0
-1512 1491 -414 -600 402 0 -768 -1128 930 356 700 0 0 0 0 900 -952 0 282 0 0 1088 -1098 0 0 -864 0 490 0 0 0 -624 0 0 552 -204 434 0 165 44 0 0 0 224 0 144 0 0 0 0
-1519 1498 -416 -603 404 0 -772 -1134 935 358 0 676 0 -672 154 906 -959 0 0 0 -384 0 0 952 0 0 0 495 0 0 0 -632 0 0 0 0 0 0 0 45 0 0 0 0 0 0 0 0 0 0
-1526 1505 -418 -606 406 0 -776 -1140 940 360 704 0 0 -676 155 912 0 0 0 0 -387 0 0 0 0 -872 0 0 0 0 370 0 0 -360 560 -207 0 0 0 0 0 -294 0 0 0 0 0 0 0 0
-1533 1512 -420 -609 0 0 -780 -1146 0 362 708 680 0 -680 156 918 -966 0 284 -987 -390 0 0 0 0 -880 0 500 0 0 375 -640 0 0 568 0 0 0 168 0 0 -301 0 0 0 0 0 39 0 0
-1540 1519 -422 -612 408 0 0 -1152 945 0 712 684 0 -684 157 924 -973 0 286 -994 -393 1096 -1107 0 0 -888 0 0 792 0 0 -648 0 0 0 0 441 0 0 0 0 0 0 0 0 0 20 0 0 0
-1547 1526 -424 -615 410 0 0 0 950 364 716 0 0 -688 0 930 -980 0 288 -1001 0 0 -1116 0 0 -896 312 505 0 0 380 0 -522 -365 0 0 448 0 0 0 0 0 0 0 0 0 0 0 0 0
-1554 1533 -426 -618 412 0 0 -1158 955 366 0 0 0 0 0 936 -987 0 0 -1008 -396 1104 -1125 0 0 -904 0 510 0 0 385 0 -528 -370 576 -210 455 -441 0 0 0 0 0 0 0 0 0 0 0 0
-1561 1540 -428 -621 414 0 -784 -1164 960 368 720 688 0 0 158 942 -994 0 290 0 0 1112 0 0 0 0 0 515 0 0 390 -656 0 0 0 0 0 -450 0 0 0 0 0 0 0 150 0 0 0 0
-1568 1547 -430 -624 416 0 0 -1170 965 370 724 692 0 -692 159 0 0 0 292 -1015 -399 0 0 0 0 -912 0 520 0 0 395 0 -534 0 584 0 0 0 0 0 0 0 0 0 0 0 0 0 0 0
-1575 1554 -432 -627 418 0 0 -1176 970 372 0 696 0 -696 0 948 -1001 0 294 -1022 0 0 -1134 960 0 0 0 0 0 0 400 0 0 0 0 -213 0 0 0 46 111 0 0 0 0 0 0 0 0 0
-1582 0 -434 -630 420 0 -788 -1182 975 374 728 700 0 -700 160 954 -1008 0 0 0 -402 0 -1143 968 0 -920 315 525 800 0 405 0 -540 0 0 -216 0 0 0 0 0 -308 0 0 0 0 0 0 0 0
-1589 1561 -436 -633 422 0 -792 -1188 980 0 732 0 0 -704 161 960 -1015 0 296 0 -405 1120 0 976 0 0 0 530 808 0 0 -664 0 0 592 0 0 -459 0 0 0 0 0 0 0 0 0 0 0 0
-1596 1568 -438 -636 424 0 -796 -1194 985 0 736 704 0 -708 162 0 -1022 0 0 0 0 0 0 984 0 -928 318 0 816 0 0 -672 0 0 600 0 462 0 0 0 0 0 0 0 0 0 0 0 0 0
-1603 1575 -440 -639 426 0 -800 -1200 990 0 0 0 0 0 163 966 0 0 298 0 0 0 -1152 992 0 -936 0 535 824 0 0 0 0 -375 0 0 469 0 0 47 0 0 0 0 0 156 0 0 0 0
-1610 1582 0 -642 428 0 -804 -1206 995 0 740 0 0 -712 164 972 -1029 0 0 0 0 1128 0 1000 0 0 321 540 0 0 0 -680 0 0 0 -219 476 0 0 0 0 -315 0 0 -216 0 0 42 0 0
-1617 1589 -442 -645 0 0 -808 -1212 1000 376 744 0 0 -716 165 978 -1036 0 300 0 0 1136 0 0 0 -944 324 0 832 0 410 -688 -546 0 0 -222 0 0 0 0 0 -322 0 231 0 162 0 0 0 0
-1624 1596 -444 0 430 0 -812 0 1005 378 0 708 0 0 0 0 0 0 0 0 -408 1144 0 1008 0 0 0 0 840 0 0 0 0 0 608 0 0 -468 0 0 0 0 396 0 0 0 0 0 0 0
-1631 1603 0 -648 432 0 -816 -1218 0 0 748 712 0 -720 0 984 0 0 0 0 -411 1152 -1161 0 0 -952 327 0 0 0 415 0 0 0 0 -225 0 0 0 0 114 0 0 0 0 0 0 0 66 0
-1638 1610 0 -651 434 0 -820 -1224 0 380 752 716 0 -724 0 990 0 0 0 -1029 -414 0 -1170 0 0 0 330 545 0 0 0 0 0 0 616 0 0 0 171 0 0 0 405 0 0 0 0 45 0 0
-1645 1617 -446 -654 436 0 -824 -1230 1010 0 756 720 0 -728 0 996 -1043 0 0 0 -417 1160 -1179 1016 0 -960 333 0 848 0 0 0 -552 0 0 0 0 -477 0 0 0 0 0 0 0 0 0 0 0 0
-1652 1624 -448 -657 438 0 -828 -1236 1015 382 760 724 0 -732 0 0 -1050 0 302 -1036 -420 1168 0 0 0 -968 0 0 856 0 0 -696 -558 0 624 0 0 0 0 48 117 0 0 0 0 0 0 0 0 0
-1659 1631 -450 -660 440 0 -832 -1242 0 384 764 0 0 -736 166 1002 0 0 304 -1043 0 1176 0 0 0 -976 336 0 0 0 420 -704 -564 -380 632 0 483 0 0 0 0 0 0 0 0 0 0 48 72 0
-1666 1638 -452 -663 442 0 0 -1248 1020 386 768 0 0 0 167 1008 -1057 0 306 -1050 -423 1184 -1188 1024 0 -984 0 0 0 0 425 0 0 -385 0 -228 0 0 0 0 120 -329 0 0 0 0 0 0 0 0
-1673 1645 -454 -666 444 0 -836 -1254 1025 0 772 728 0 -740 168 1014 -1064 0 308 0 0 1192 -1197 0 0 -992 339 0 0 0 0 0 0 0 0 0 0 0 0 0 0 0 0 0 0 0 0 0 0 0
-1680 1652 -456 -669 446 0 -840 0 1030 388 776 732 0 0 0 1020 0 0 0 -1057 0 0 -1206 1032 0 0 0 0 0 0 430 -712 -570 0 640 -231 0 -486 0 0 0 0 0 0 0 0 0 0 0 0
-1687 1659 -458 -672 448 0 -844 -1260 1035 0 780 736 0 -744 169 0 -1071 0 310 0 -426 0 -1215 1040 0 0 342 550 864 0 0 0 -576 -390 0 -234 0 0 0 0 0 -336 0 0 0 0 0 0 0 0
-1694 1666 -460 -675 450 0 -848 -1266 1040 0 784 0 0 -748 0 0 -1078 0 312 -1064 -429 1200 0 1048 0 0 345 555 0 0 435 0 0 0 0 0 0 0 0 0 0 0 0 0 0 0 0 0 0 0
-1701 1673 -462 -678 452 0 -852 -1272 1045 390 788 740 0 -752 170 1026 -1085 0 314 -1071 -432 0 -1224 0 0 -1000 0 0 0 0 440 -720 0 0 648 -237 490 0 174 0 0 0 414 238 0 0 0 0 0 0
-1708 1680 -464 0 454 0 -856 -1278 1050 392 792 744 0 -756 171 1032 0 0 0 -1078 0 0 -1233 1056 0 -1008 348 560 0 0 0 -728 0 -395 0 0 0 -495 0 49 0 0 0 0 -224 0 0 0 0 0
-1715 1687 -466 -681 0 0 -860 -1284 0 394 796 748 0 -760 172 0 0 0 316 -1085 0 0 0 1064 0 0 351 0 872 0 0 0 0 0 0 0 0 0 0 0 123 0 0 245 0 0 0 0 0 0
-1722 1694 -468 -684 456 0 -864 -1290 1055 396 800 752 0 -764 0 1038 -1092 0 318 -1092 0 0 0 0 0 -1016 354 565 0 0 0 0 0 -400 0 -240 0 0 0 0 0 -343 0 252 -232 0 0 0 0 0
-1729 1701 -470 -687 458 0 -868 -1296 1060 398 804 0 0 -768 173 1044 0 0 320 0 0 0 -1242 0 0 -1024 0 0 880 0 0 -736 0 0 656 0 0 -504 0 0 0 0 423 0 0 0 0 51 0 0
-1736 1708 -472 -690 0 0 -872 -1302 1065 400 808 756 0 -772 174 0 -1099 0 0 0 -435 1208 -1251 1072 0 -1032 357 0 0 0 0 -744 0 0 0 0 0 0 0 50 126 0 0 0 0 0 0 0 0 0
-1743 1715 -474 -693 460 0 -876 -1308 1070 402 812 760 0 -776 175 1050 -1106 0 322 0 0 1216 -1260 0 0 -1040 360 570 0 0 445 -752 -582 -405 664 0 0 0 0 51 0 0 0 0 0 0 0 0 0 0
-1750 1722 -476 -696 462 0 -880 -1314 1075 404 816 0 0 -780 176 1056 -1113 0 324 -1099 -438 0 0 0 0 0 0 575 0 0 450 -760 0 -410 0 0 0 0 177 0 0 0 0 259 0 0 0 0 0 0
-1757 1729 -478 -699 464 0 -884 -1320 1080 0 820 764 0 -784 177 1062 0 0 326 0 -441 0 -1269 1080 0 0 0 0 888 0 0 -768 0 -415 0 0 497 0 0 0 0 0 432 0 0 0 21 0 0 0
-1764 1736 -480 -702 466 0 -888 -1326 0 406 824 768 0 0 0 1068 -1120 0 0 -1106 -444 1224 -1278 0 0 0 363 580 896 0 455 -776 0 0 672 0 0 -513 0 0 129 0 0 0 0 0 22 0 78 0
-1771 1743 -482 -705 468 0 -892 -1332 1085 408 828 0 0 -788 178 1074 -1127 0 328 -1113 -447 0 -1287 0 0 0 0 0 904 0 460 0 -588 0 680 -243 504 0 0 0 132 0 0 0 0 0 0 0 0 0
-1778 1750 -484 -708 470 0 -896 -1338 1090 410 832 772 0 -792 179 0 -1134 0 330 0 -450 1232 -1296 0 0 0 0 585 0 0 465 0 0 0 688 -246 511 0 0 0 135 0 441 0 0 168 0 0 0 0
-1785 1757 -486 -711 472 0 -900 -1344 1095 412 836 776 0 -796 180 1080 -1141 0 332 -1120 0 1240 0 0 0 0 366 590 0 0 0 0 -594 0 0 0 0 -522 180 0 0 0 0 0 0 0 0 0 0 0
-1792 1764 -488 -714 474 0 -904 -1350 1100 0 840 780 0 -800 0 1086 -1148 0 334 0 0 1248 0 1088 0 -1048 0 595 912 0 470 0 0 -420 0 0 0 0 0 0 138 -350 0 0 0 0 0 0 0 0
-1799 1771 -490 -717 476 0 -908 -1356 0 414 844 784 0 0 181 1092 -1155 0 336 0 -453 0 -1305 1096 0 0 369 600 920 0 0 0 -600 -425 696 0 0 0 0 0 0 0 0 0 0 0 0 0 0 0
-1806 1778 -492 -720 478 0 -912 -1362 0 0 0 0 0 -804 0 0 0 0 0 0 0 0 -1314 0 0 0 372 0 0 0 475 0 0 0 704 0 0 0 0 0 0 0 450 0 -240 0 0 0 0 0
-1813 1785 -494 -723 480 0 -916 -1368 1105 0 848 788 0 -808 0 1098 -1162 0 0 0 -456 1256 -1323 0 0 0 0 605 0 0 480 -784 0 0 0 0 0 0 0 0 0 -357 0 0 0 0 0 0 0 0
-1820 1792 -496 -726 482 0 0 -1374 0 0 852 792 0 0 182 0 -1169 0 0 -1127 -459 1264 0 1104 0 -1056 375 0 928 0 0 0 -606 0 0 -249 518 0 0 0 0 0 459 0 0 0 0 0 0 0
-1827 1799 -498 -729 484 0 -920 -1380 1110 416 856 796 0 -812 183 1104 -1176 0 0 -1134 0 1272 -1332 0 0 -1064 378 610 936 0 485 -792 0 0 0 0 0 0 0 0 0 0 0 0 0 0 0 0 0 0
-1834 1806 -500 -732 0 0 -924 -1386 1115 418 860 800 0 -816 0 1110 -1183 0 0 -1141 0 1280 0 1112 0 0 0 615 0 0 0 0 0 0 712 0 0 0 183 0 0 0 0 0 0 0 0 0 0 0
-1841 1813 -502 -735 486 0 0 -1392 1120 0 864 804 0 0 184 1116 0 0 338 0 0 0 -1341 1120 0 -1072 381 0 944 0 0 -800 0 -430 0 0 0 0 0 0 0 -364 468 0 0 174 0 0 0 0
-1848 1820 -504 -738 488 0 -928 -1398 1125 420 0 808 0 0 185 1122 -1190 0 340 0 -462 1288 -1350 0 0 -1080 384 0 952 0 0 -808 0 0 0 -252 0 -531 0 0 0 0 0 0 0 0 0 0 0 0
-1855 1827 -506 -741 490 0 -932 0 1130 422 0 812 0 -820 186 0 -1197 0 0 -1148 -465 0 -1359 0 0 -1088 387 620 0 0 490 -816 -612 0 0 -255 525 -540 0 0 0 0 0 0 0 0 0 0 0 0
-1862 1834 -508 -744 492 0 -936 -1404 1135 0 868 816 0 -824 187 1128 -1204 0 342 -1155 -468 0 -1368 0 0 -1096 0 625 960 0 495 0 -618 0 0 0 0 0 186 52 0 0 0 0 0 0 23 0 0 0
-1869 1841 -510 -747 494 0 -940 -1410 1140 424 872 0 0 0 188 1134 -1211 0 344 0 0 0 0 0 0 -1104 390 0 0 0 0 0 0 -435 0 -258 532 0 0 0 0 0 0 0 0 0 0 0 0 0
-1876 1848 -512 -750 496 0 -944 -1416 1145 426 876 820 0 -828 189 1140 -1218 0 346 -1162 -471 0 -1377 0 0 0 393 0 968 0 0 0 0 -440 0 -261 0 0 0 53 141 0 0 0 0 0 0 0 0 0
-1883 1855 -514 -753 498 0 0 -1422 0 428 880 0 0 -832 190 1146 -1225 0 348 -1169 0 0 -1386 1128 0 0 396 0 0 0 500 0 0 0 0 0 539 0 189 0 144 -371 0 0 0 0 0 0 84 0
-1890 1862 -516 -756 500 0 0 -1428 1150 430 0 0 0 -836 191 1152 -1232 0 0 -1176 -474 0 0 1136 0 0 399 0 976 0 505 -824 0 0 0 0 546 0 0 54 0 0 0 0 0 0 0 0 0 0
-1897 1869 -518 -759 502 0 -948 -1434 1155 432 884 824 0 -840 192 0 -1239 0 350 -1183 -477 0 -1395 1144 0 -1112 0 630 0 0 0 0 -624 0 720 -264 553 0 0 0 0 0 0 0 0 0 0 0 0 0
-1904 1876 -520 -762 504 0 -952 -1440 1160 434 888 828 0 -844 193 0 -1246 0 0 -1190 0 0 0 1152 0 -1120 0 0 0 0 510 0 -630 0 728 0 0 0 192 0 0 0 0 266 0 180 0 0 0 0
-1911 1883 -522 -765 506 0 -956 -1446 0 436 892 832 0 -848 194 1158 0 0 0 -1197 0 1296 -1404 1160 0 0 402 0 0 0 0 0 0 -445 0 0 0 0 0 0 0 0 0 273 0 0 0 0 0 0
-1918 1890 -524 -768 508 0 -960 -1452 1165 438 896 836 0 -852 195 1164 0 0 352 -1204 -480 1304 0 0 0 -1128 0 635 0 0 0 -832 0 0 736 0 560 0 0 0 0 0 0 0 0 0 0 0 0 0
-1925 1897 -526 -771 510 0 -964 -1458 1170 440 900 840 0 -856 196 1170 0 0 0 0 -483 1312 0 0 0 0 0 0 0 0 515 0 0 -450 744 0 0 0 195 0 147 0 0 0 0 0 0 0 0 0
-1932 1904 -528 -774 512 0 -968 0 1175 442 904 0 0 -860 197 0 -1253 0 354 0 -486 0 -1413 0 0 0 405 640 984 0 0 0 0 0 0 0 567 0 0 0 0 0 0 0 0 0 0 0 0 0
-1939 1911 -530 0 514 0 -972 -1464 1180 444 908 844 0 0 198 1176 0 0 356 -1211 -489 1320 0 0 0 0 408 645 0 0 0 -840 0 0 0 0 0 -549 0 0 0 0 0 0 0 0 0 0 0 0
-1946 1918 -532 -777 516 0 -976 0 1185 446 912 0 0 -864 199 1182 -1260 0 358 -1218 -492 0 0 1168 0 -1136 411 0 0 0 520 0 0 0 0 0 0 -558 198 0 0 0 0 280 0 0 0 0 0 0
-1953 1925 -534 -780 518 0 0 -1470 1190 448 916 848 0 0 200 1188 -1267 0 360 -1225 0 1328 -1422 1176 0 0 414 0 992 0 0 0 0 0 752 -267 0 0 0 0 0 0 0 0 0 0 0 0 0 0
-1960 1932 -536 -783 520 0 -980 -1476 1195 450 920 852 0 0 201 1194 -1274 0 0 0 0 1336 -1431 1184 0 -1144 417 0 0 0 0 -848 0 -455 0 0 0 0 0 0 0 0 0 0 0 0 0 0 0 0
-1967 1939 -538 -786 522 0 -984 -1482 1200 0 924 856 0 -868 202 0 -1281 0 362 -1232 0 0 -1440 1192 0 0 420 0 1000 0 525 0 0 0 0 -270 0 0 0 0 0 0 0 0 0 0 0 54 0 0
-1974 1946 0 -789 524 0 -988 -1488 1205 452 928 0 0 -872 0 1200 -1288 0 364 -1239 -495 0 -1449 1200 0 0 0 650 1008 0 0 0 -636 0 0 0 0 0 0 0 0 0 0 0 -248 0 0 0 0 0
-1981 1953 -540 -792 526 0 -992 -1494 1210 454 932 860 0 -876 0 1206 0 0 366 -1246 -498 1344 0 1208 0 0 0 0 0 0 530 0 0 -460 0 0 0 0 0 0 150 0 0 0 -256 0 0 0 0 0
-1988 1960 -542 -795 528 0 -996 -1500 1215 456 936 864 0 -880 203 0 -1295 0 0 0 -501 1352 0 0 0 0 0 0 0 0 535 0 0 0 0 -273 0 0 201 0 0 0 0 0 0 0 0 57 0 0
-1995 1967 -544 -798 530 0 -1000 0 1220 458 940 868 0 -884 204 1212 -1302 0 368 -1253 0 1360 0 1216 0 -1152 423 655 1016 0 0 -856 0 0 0 0 0 -567 0 55 0 0 0 0 0 186 0 0 0 0
-2002 1974 -546 -801 532 0 -1004 0 1225 460 944 872 0 -888 205 0 -1309 0 0 -1260 -504 0 0 0 0 0 0 660 1024 0 0 0 0 -465 0 -276 0 -576 0 0 0 -378 0 0 0 0 24 0 0 0
-2009 1981 0 -804 534 0 0 -1506 1230 462 948 876 0 0 206 1218 -1316 0 0 0 -507 0 0 1224 0 -1160 0 665 1032 0 540 0 0 0 0 0 574 -585 0 0 0 0 0 0 0 0 0 0 0 0
-2016 1988 -548 -807 536 0 -1008 -1512 1235 464 0 0 0 -892 207 1224 -1323 0 370 0 -510 0 -1458 0 0 0 0 670 1040 0 545 -864 -642 0 760 0 0 0 0 56 153 0 0 0 -264 0 0 60 0 0
-2023 1995 -550 0 538 0 -1012 -1518 1240 466 952 0 0 -896 208 0 -1330 0 372 0 0 1368 0 0 0 -1168 0 0 1048 0 0 0 -648 0 768 -279 581 0 0 57 0 0 0 0 0 192 0 0 0 0
-2030 2002 0 0 540 0 -1016 0 1245 468 956 880 0 -900 0 1230 -1337 0 0 0 -513 0 0 1232 0 0 0 0 1056 0 0 -872 0 -470 0 0 0 0 0 0 0 0 0 0 0 0 0 0 0 0
-2037 2009 -552 -810 542 0 -1020 -1524 0 0 960 884 0 -904 209 1236 -1344 0 0 -1267 -516 1376 0 0 0 0 0 0 1064 0 0 -880 0 -475 776 0 0 0 204 0 156 0 0 287 0 0 0 0 0 0
-2044 2016 -554 -813 544 0 -1024 -1530 1250 470 964 888 0 0 210 1242 0 0 374 0 0 0 0 1240 0 -1176 0 0 0 0 0 0 -654 -480 0 0 588 -594 0 0 0 0 0 0 0 0 0 0 0 0
-2051 2023 -556 -816 546 0 -1028 -1536 1255 472 968 892 0 -908 211 1248 -1351 0 376 -1274 -519 0 -1467 1248 0 0 426 0 0 0 0 -888 0 0 0 0 595 0 207 0 0 0 0 0 0 0 0 0 0 0
-2058 2030 -558 -819 548 0 -1032 -1542 1260 474 972 896 0 -912 0 1254 -1358 0 378 0 -522 1384 0 1256 0 0 0 675 0 0 0 0 0 0 784 0 0 0 210 0 0 0 0 0 0 0 0 0 0 0
-2065 2037 -560 -822 550 0 -1036 0 1265 476 976 900 0 -916 212 1260 -1365 0 0 -1281 0 0 -1476 1264 0 0 0 0 0 0 0 -896 -660 0 792 0 602 0 213 0 0 0 0 0 0 0 0 63 0 0
-2072 2044 -562 -825 552 0 -1040 -1548 0 0 980 904 0 -920 0 0 0 0 380 0 -525 0 0 1272 0 -1184 0 680 1072 0 0 0 -666 -485 0 0 609 0 216 58 159 0 0 0 0 0 0 0 0 0
-2079 2051 -564 -828 554 0 -1044 -1554 0 478 0 908 0 -924 0 0 -1372 0 0 0 -528 1392 -1485 1280 0 0 429 685 1080 0 550 0 0 0 0 0 0 0 219 0 0 0 0 0 0 198 0 0 0 0
-2086 2058 -566 -831 556 0 -1048 -1560 1270 480 984 912 0 -928 213 1266 -1379 0 382 0 -531 1400 -1494 1288 0 -1192 0 690 1088 0 555 0 0 0 0 0 0 -603 222 59 162 0 0 0 0 0 0 0 0 0
-2093 2065 -568 -834 558 0 -1052 -1566 1275 482 988 916 0 -932 214 1272 0 0 384 0 -534 0 0 0 0 0 0 695 0 0 560 0 -672 0 0 0 616 0 0 0 0 0 0 0 0 0 0 0 0 0
-2100 2072 -570 -837 560 0 -1056 -1572 1280 0 992 920 0 -936 0 1278 -1386 0 0 0 0 1408 -1503 1296 0 -1200 0 700 0 0 0 0 0 -490 0 0 0 0 0 0 0 0 0 0 0 0 0 0 0 0
-2107 2079 -572 -840 562 0 -1060 0 1285 484 996 0 0 -940 0 0 -1393 0 386 0 0 1416 0 0 0 -1208 432 0 1096 0 0 0 0 0 800 -282 0 0 0 0 0 0 0 0 0 0 0 0 0 0
-2114 2086 0 -843 564 0 -1064 -1578 0 486 1000 924 0 -944 215 1284 -1400 0 388 -1288 0 1424 -1512 1304 0 -1216 0 0 0 0 565 0 0 0 0 0 0 -612 0 0 0 -385 0 294 -272 0 0 0 0 0
-2121 2093 -574 -846 566 0 -1068 -1584 1290 488 0 928 0 -948 216 1290 -1407 0 390 0 -537 0 -1521 0 0 -1224 0 705 1104 0 0 -904 -678 0 0 -285 0 -621 0 0 0 0 0 0 0 204 0 0 0 0
-2128 2100 -576 0 0 0 -1072 -1590 1295 490 1004 0 0 -952 0 1296 -1414 0 392 -1295 -540 0 0 1312 0 0 0 0 1112 0 0 -912 0 0 0 -288 0 -630 0 0 0 -392 477 0 0 210 0 0 0 0
-2135 2107 -578 -849 568 0 0 0 1300 492 1008 932 0 0 0 1302 -1421 0 0 -1302 -543 1432 0 1320 0 -1232 435 0 0 0 570 0 0 -495 808 -291 0 0 225 60 165 0 0 0 0 0 0 0 0 0
-2142 2114 -580 -852 570 0 -1076 -1596 1305 494 1012 936 0 -956 0 1308 -1428 0 394 -1309 -546 0 -1530 1328 0 -1240 0 0 0 0 0 -920 0 -500 0 -294 0 0 0 0 168 0 0 0 0 0 0 0 0 0
-2149 2121 -582 -855 572 0 -1080 -1602 1310 496 1016 940 0 -960 217 1314 0 0 396 -1316 -549 0 0 0 0 -1248 0 710 0 0 0 0 0 0 0 0 0 0 0 61 0 0 0 0 -280 0 0 0 0 0
-2156 2128 -584 -858 574 0 -1084 0 1315 498 1020 944 0 -964 218 1320 -1435 0 0 0 -552 1440 -1539 1336 0 0 0 0 1120 0 0 0 -684 -505 0 0 0 0 0 0 0 -399 0 0 0 0 0 0 0 0
-2163 2135 -586 -861 576 0 -1088 0 1320 500 1024 948 0 -968 0 1326 -1442 0 398 -1323 0 1448 0 0 0 -1256 438 715 1128 0 575 -928 0 -510 0 -297 0 0 228 0 171 0 0 0 0 0 0 0 0 0
-2170 2142 -588 -864 578 0 -1092 -1608 0 502 1028 952 0 -972 219 1332 -1449 0 400 0 -555 0 -1548 1344 0 -1264 0 720 0 0 580 0 0 -515 816 0 623 0 0 0 0 0 0 0 0 0 25 0 0 0
-2177 2149 -590 -867 580 0 -1096 -1614 1325 504 0 956 0 -976 0 0 -1456 0 402 -1330 -558 1456 -1557 1352 0 -1272 441 0 1136 0 0 -936 -690 -520 0 -300 0 0 0 0 0 0 0 0 0 216 0 66 0 0
-2184 2156 -592 -870 582 0 0 0 1330 506 1032 960 0 0 220 1338 0 0 0 -1337 0 1464 -1566 1360 0 0 0 725 1144 0 585 0 0 -525 824 -303 630 0 231 0 0 0 0 301 -288 0 0 0 0 0
-2191 0 -594 -873 584 0 -1100 -1620 1335 508 1036 0 0 -980 221 1344 0 0 404 -1344 -561 1472 -1575 1368 0 -1280 444 730 0 0 0 0 0 -530 0 0 0 0 234 62 0 0 486 0 0 0 0 0 0 0
-2198 0 -596 -876 586 0 -1104 -1626 1340 510 1040 964 0 0 0 0 -1463 0 0 0 -564 0 -1584 1376 0 0 0 735 0 0 590 0 -696 -535 832 0 0 0 0 0 0 -406 0 0 -296 0 0 0 0 0
-2205 2163 -598 -879 588 0 -1108 -1632 1345 512 1044 968 0 -984 222 1350 0 0 406 0 0 1480 -1593 1384 0 -1288 447 0 1152 0 595 0 -702 0 0 0 637 0 0 0 0 0 0 308 0 0 0 0 0 0
-2212 2170 -600 -882 590 0 -1112 -1638 1350 514 1048 972 0 0 223 0 -1470 0 408 -1351 -567 1488 -1602 1392 0 -1296 0 0 1160 0 0 0 -708 -540 0 0 0 0 0 63 0 -413 0 0 0 0 0 0 0 30
-2219 2177 -602 -885 592 0 -1116 -1644 0 0 1052 976 0 0 224 1356 -1477 0 410 0 0 1496 -1611 1400 0 -1304 450 0 0 0 0 0 0 -545 0 0 0 0 0 0 0 0 0 315 -304 0 0 0 0 0
-2226 2184 -604 -888 594 0 -1120 -1650 1355 516 1056 980 0 -988 225 0 -1484 0 412 -1358 -570 1504 -1620 1408 0 0 0 740 1168 0 600 0 0 0 0 0 0 -639 0 64 0 0 495 0 -312 0 0 0 0 0
-2233 2191 -606 -891 596 0 -1124 -1656 1360 518 1060 984 0 -992 226 0 -1491 0 414 0 -573 1512 -1629 0 0 -1312 0 745 0 0 0 -944 -714 0 0 0 0 0 0 0 0 -420 0 0 -320 0 0 0 0 0
-2240 2198 -608 -894 598 0 -1128 -1662 1365 520 1064 988 0 0 227 1362 -1498 0 416 -1365 -576 0 0 1416 0 -1320 453 750 1176 0 605 0 -720 0 0 0 0 -648 0 65 0 -427 0 0 0 0 0 0 0 0
-2247 2205 -610 -897 600 0 -1132 0 1370 522 0 0 0 -996 228 1368 -1505 0 0 0 -579 0 -1638 0 0 -1328 456 0 1184 0 610 0 0 -550 840 0 0 0 0 0 0 0 0 0 0 0 0 0 0 0
-2254 0 -612 -900 602 0 -1136 -1668 0 524 1068 0 0 -1000 229 1374 -1512 0 418 0 -582 0 0 1424 0 -1336 459 0 0 0 0 -952 0 0 0 0 644 0 0 0 0 -434 0 0 0 0 0 0 0 0
-2261 2212 -614 -903 604 0 0 0 1375 526 1072 0 0 -1004 230 1380 0 0 420 -1372 -585 0 0 1432 0 0 462 0 0 0 0 -960 -726 0 0 0 651 0 0 0 0 0 504 0 0 222 0 0 0 0
-2268 2219 -616 -906 606 0 -1140 -1674 1380 528 1076 992 0 -1008 231 1386 -1519 0 422 -1379 0 0 -1647 0 0 -1344 465 755 0 0 615 -968 0 0 0 0 0 0 237 0 174 0 513 322 0 0 0 0 0 0
-2275 2226 -618 -909 608 0 0 -1680 1385 0 1080 996 0 -1012 232 0 0 0 0 0 -588 1520 -1656 1440 0 -1352 468 760 0 0 620 0 -732 0 848 0 0 -657 0 0 0 0 0 0 0 0 0 0 0 0
-2282 2233 -620 -912 610 0 -1144 -1686 1390 530 0 1000 0 -1016 233 1392 -1526 0 0 0 -591 1528 -1665 1448 0 -1360 0 0 0 0 625 -976 0 0 0 0 0 0 0 0 177 0 0 0 0 0 0 0 0 0
-2289 2240 -622 -915 612 0 -1148 -1692 0 0 1084 0 0 -1020 234 1398 -1533 0 0 0 0 1536 0 1456 0 0 471 0 0 0 0 0 0 -555 856 -306 0 0 0 66 180 -441 0 329 0 0 0 0 0 0
-2296 2247 -624 -918 614 0 -1152 -1698 1395 532 1088 1004 0 0 235 1404 -1540 0 424 -1386 -594 1544 -1674 1464 0 0 474 0 0 0 0 0 0 0 0 -309 658 -666 240 0 0 0 0 0 0 0 0 0 0 0
-2303 0 -626 -921 616 0 -1156 -1704 0 534 1092 0 0 0 236 0 -1547 0 0 -1393 0 0 0 0 0 0 0 765 1192 0 0 0 -738 0 0 0 0 0 0 67 183 0 0 0 0 0 26 0 0 0
-2310 2254 -628 -924 618 0 -1160 -1710 0 536 0 0 0 -1024 237 0 -1554 0 0 -1400 0 1552 -1683 1472 0 0 0 0 0 0 0 0 -744 0 0 0 0 0 0 0 0 0 0 0 0 0 0 0 0 0
-2317 2261 -630 -927 0 0 0 -1716 0 0 1096 1008 0 0 0 1410 -1561 0 426 -1407 0 1560 0 0 0 -1368 477 770 1200 0 630 0 -750 0 0 -312 0 -675 0 0 0 -448 522 0 0 0 0 0 0 0
-2324 2268 -632 -930 620 0 -1164 -1722 0 538 1100 1012 0 -1028 238 1416 0 0 428 -1414 -597 0 0 1480 0 -1376 480 0 1208 0 0 -984 -756 0 864 0 0 -684 0 68 0 0 0 0 0 0 0 0 0 0
-2331 2275 -634 -933 0 0 -1168 -1728 1400 540 0 1016 0 -1032 239 1422 -1568 0 430 -1421 -600 1568 -1692 0 0 -1384 483 0 1216 0 0 0 0 0 0 0 0 0 0 0 186 0 531 0 0 0 0 0 0 0
-2338 2282 -636 -936 622 0 -1172 -1734 0 542 0 0 0 0 0 1428 -1575 0 432 -1428 -603 1576 -1701 1488 0 -1392 0 775 0 0 635 0 -762 0 0 0 0 -693 0 0 0 0 0 0 0 0 0 0 0 0
-2345 2289 -638 -939 624 0 -1176 -1740 1405 0 0 1020 0 -1036 240 1434 0 0 434 0 -606 1584 0 1496 0 0 486 0 1224 0 0 -992 0 0 0 -315 0 0 0 0 0 0 0 0 0 228 0 0 0 0
-2352 2296 -640 -942 626 0 -1180 0 1410 544 1104 1024 0 -1040 241 1440 0 0 0 0 -609 1592 0 0 0 -1400 489 0 1232 0 0 -1000 0 -560 0 0 0 -702 0 69 0 0 0 0 0 0 0 0 0 0
-2359 2303 -642 -945 628 0 -1184 -1746 0 546 0 1028 0 -1044 0 1446 -1582 0 436 0 0 0 0 0 0 0 0 0 0 0 0 0 0 0 872 -318 0 0 0 70 0 0 0 0 0 0 0 0 0 0
-2366 2310 -644 -948 630 0 -1188 -1752 1415 548 1108 0 0 -1048 242 1452 -1589 0 438 -1435 -612 0 -1710 1504 0 -1408 0 0 0 0 640 0 0 0 0 0 665 0 0 0 189 0 0 0 0 0 0 0 0 0
-2373 2317 -646 0 632 0 -1192 -1758 1420 0 0 0 0 -1052 243 0 -1596 0 440 -1442 -615 1600 0 0 0 -1416 0 0 0 0 0 0 -768 -565 880 -321 672 0 0 0 0 -455 0 0 0 0 0 0 0 0
-2380 2324 -648 -951 0 0 -1196 0 1425 0 1112 1032 0 -1056 244 1458 -1603 0 442 -1449 0 1608 0 1512 0 -1424 0 780 0 0 645 0 0 -570 888 -324 0 -711 0 71 0 0 540 0 0 0 0 0 0 0
-2387 2331 -650 -954 634 0 -1200 0 1430 550 1116 1036 0 -1060 245 1464 0 0 444 -1456 -618 0 0 1520 0 0 492 0 0 0 650 0 -774 -575 896 0 0 -720 0 0 0 0 0 0 0 0 0 0 0 0
-2394 2338 -652 -957 636 0 -1204 -1764 1435 552 1120 0 0 -1064 246 1470 0 0 0 0 -621 0 0 0 0 -1432 495 0 0 0 0 -1008 -780 0 0 -327 0 0 0 0 192 0 0 0 0 0 0 0 0 0
-2401 2345 -654 -960 638 0 -1208 -1770 1440 554 1124 1040 0 -1068 247 1476 0 0 0 -1463 -624 0 0 0 0 0 0 0 0 0 655 0 -786 0 0 0 0 0 0 0 0 0 0 0 0 0 0 0 0 0
-2408 2352 -656 -963 0 0 0 -1776 0 556 1128 1044 0 -1072 0 1482 -1610 0 0 -1470 0 0 0 1528 0 0 498 0 1240 0 0 0 0 -580 0 0 679 0 0 0 0 0 0 0 0 0 0 0 0 0
-2415 2359 -658 -966 640 0 -1212 -1782 1445 558 1132 1048 0 -1076 248 0 -1617 0 446 -1477 -627 1616 -1719 1536 0 -1440 0 785 0 0 0 -1016 -792 -585 0 0 0 -729 0 0 195 0 0 0 0 234 0 0 0 0
-2422 2366 -660 -969 642 0 -1216 0 0 560 1136 1052 0 -1080 249 1488 -1624 0 0 -1484 0 1624 0 0 0 0 0 0 0 0 660 -1024 -798 0 904 0 686 0 0 0 0 0 0 0 0 0 0 0 0 0
-2429 2373 -662 -972 0 0 -1220 -1788 1450 562 0 1056 0 -1084 250 0 -1631 0 448 -1491 0 0 -1728 1544 0 -1448 0 0 1248 0 665 0 -804 -590 0 -330 0 0 0 72 0 0 0 0 0 240 0 0 0 0
-2436 2380 -664 -975 644 0 -1224 -1794 1455 564 1140 1060 0 -1088 251 1494 -1638 0 450 -1498 -630 1632 0 1552 0 -1456 0 0 0 0 0 0 -810 -595 0 0 0 0 0 73 198 -462 0 0 -328 0 0 0 0 0
-2443 2387 -666 -978 646 0 -1228 -1800 1460 0 0 1064 0 0 0 0 0 0 0 -1505 0 1640 0 0 0 0 501 0 1256 0 670 0 -816 0 912 0 693 0 243 0 0 0 0 0 0 0 0 0 0 0
-2450 2394 -668 -981 648 0 -1232 0 1465 566 1144 1068 0 0 252 1500 -1645 0 452 -1512 0 0 -1737 1560 0 0 0 790 1264 0 675 0 -822 -600 920 0 0 -738 0 0 0 0 0 0 0 0 27 0 0 0
-2457 2401 -670 -984 650 0 -1236 -1806 1470 568 1148 1072 0 0 253 1506 -1652 0 0 -1519 0 0 -1746 0 0 0 504 0 1272 0 680 0 0 0 0 0 0 0 0 0 0 0 0 0 0 0 0 0 0 0
-2464 2408 -672 -987 652 0 -1240 -1812 0 570 1152 0 0 0 254 1512 -1659 0 0 0 -633 1648 -1755 0 0 0 0 0 1280 0 0 -1032 0 0 928 0 0 0 0 0 0 0 0 336 0 0 28 0 0 0
-2471 2415 -674 -990 654 0 -1244 -1818 1475 572 1156 1076 0 -1092 255 1518 0 0 454 -1526 0 1656 0 1568 0 -1464 507 0 0 0 685 -1040 0 -605 0 0 0 -747 246 0 0 -469 0 343 -336 0 0 0 0 0
-2478 2422 -676 -993 0 0 -1248 0 1480 574 1160 1080 0 0 256 1524 -1666 0 456 -1533 -636 0 0 1576 0 0 510 795 1288 0 0 -1048 0 -610 936 0 0 -756 249 74 201 0 0 0 0 0 0 0 0 0
-2485 2429 -678 -996 656 0 -1252 -1824 1485 576 1164 1084 0 0 257 1530 -1673 0 0 0 0 1664 -1764 0 0 0 513 0 0 0 0 0 -828 0 0 0 700 0 0 0 204 0 0 0 0 0 0 0 0 0
-2492 2436 -680 -999 0 0 -1256 -1830 1490 578 1168 1088 0 -1096 258 1536 0 0 458 -1540 -639 1672 0 0 0 -1472 0 0 0 0 0 -1056 -834 -615 944 0 0 0 0 75 207 0 0 0 0 0 0 0 0 0
-2499 2443 -682 -1002 658 0 -1260 0 1495 580 1172 0 0 0 259 1542 -1680 0 460 -1547 0 1680 -1773 0 0 0 0 800 1296 0 0 -1064 0 0 952 0 707 0 0 0 0 0 549 0 -344 0 0 0 0 36
-2506 2450 -684 -1005 660 0 -1264 -1836 1500 0 1176 1092 0 -1100 260 1548 0 0 0 -1554 -642 1688 -1782 0 0 0 0 805 1304 0 0 0 0 -620 960 -333 714 -765 0 76 0 0 0 0 0 246 0 0 90 0
-2513 2457 -686 -1008 662 0 0 -1842 0 582 1180 1096 0 -1104 261 1554 0 0 462 -1561 -645 0 -1791 1584 0 0 0 810 0 0 0 0 -840 0 0 0 721 0 0 0 0 0 0 350 0 0 0 0 0 0
-2520 2464 -688 -1011 664 0 -1268 -1848 0 584 0 1100 0 -1108 0 1560 -1687 0 464 0 -648 1696 0 1592 0 -1480 0 0 1312 0 0 -1072 -846 0 968 -336 728 -774 252 77 0 0 0 0 0 252 0 0 0 0
-2527 2471 -690 0 666 0 -1272 -1854 0 0 1184 1104 0 0 262 1566 -1694 0 0 -1568 -651 0 -1800 0 0 0 516 815 0 0 690 0 0 -625 976 0 0 0 0 0 0 0 558 357 0 0 0 0 0 0
-2534 2478 -692 -1014 668 0 -1276 -1860 1505 586 1188 1108 0 -1112 263 0 -1701 0 0 0 0 1704 0 1600 0 -1488 0 820 1320 0 695 0 0 -630 0 0 0 -783 0 0 0 -476 0 364 0 0 0 0 0 0
-2541 2485 -694 -1017 670 0 -1280 0 1510 588 1192 0 0 0 0 1572 0 0 0 0 0 0 -1809 0 0 -1496 519 0 1328 0 0 -1080 0 -635 984 0 0 0 0 0 0 0 0 0 0 0 0 0 0 0
-2548 2492 -696 -1020 672 0 -1284 -1866 1515 590 1196 1112 0 -1116 264 1578 -1708 0 466 -1575 -654 0 0 1608 0 0 522 0 0 0 0 0 -852 -640 0 -339 0 0 0 0 0 0 0 0 0 0 29 0 0 0
-2555 2499 -698 -1023 674 0 -1288 -1872 1520 592 0 1116 0 -1120 0 1584 -1715 0 468 -1582 -657 1712 0 1616 0 -1504 0 825 0 0 700 0 -858 0 0 -342 0 0 0 0 210 0 0 0 0 0 0 0 0 0
-2562 2506 -700 -1026 676 0 -1292 0 1525 594 1200 0 0 -1124 265 1590 -1722 0 470 0 -660 0 0 0 0 0 525 0 0 0 705 0 -864 0 0 0 0 -792 0 78 0 0 0 0 0 0 0 0 0 0
-2569 2513 -702 -1029 678 0 -1296 -1878 1530 596 0 1120 0 -1128 266 0 -1729 0 0 0 0 0 0 1624 0 -1512 0 0 1336 0 0 0 0 0 0 0 0 0 0 0 0 -483 0 371 0 0 0 0 0 0
-2576 2520 -704 -1032 680 0 -1300 -1884 1535 598 1204 0 0 -1132 0 1596 0 0 0 -1589 -663 0 0 1632 0 0 0 0 1344 0 0 -1088 0 -645 0 0 735 0 255 0 0 0 0 0 0 0 0 0 0 0
-2583 2527 -706 0 682 0 -1304 -1890 1540 600 0 1124 0 -1136 267 1602 0 0 0 -1596 -666 0 -1818 0 0 0 0 0 1352 0 0 -1096 0 -650 0 0 0 0 0 0 0 0 0 0 0 0 0 0 0 0
-2590 2534 -708 -1035 684 0 -1308 -1896 1545 602 1208 1128 0 -1140 268 0 -1736 0 0 -1603 0 1720 0 1640 0 0 0 830 0 0 710 -1104 0 -655 0 0 742 -801 258 79 213 -490 0 0 0 0 0 0 0 0
-2597 2541 -710 -1038 0 0 -1312 -1902 0 604 1212 0 0 -1144 269 1608 -1743 0 0 0 -669 0 -1827 1648 0 0 528 0 1360 0 715 0 0 0 0 0 0 0 261 0 216 0 567 0 0 0 30 0 0 0
-2604 2548 -712 -1041 686 0 -1316 -1908 1550 606 1216 0 0 0 270 1614 -1750 0 472 -1610 0 0 0 0 0 0 531 835 0 0 0 0 -870 -660 0 0 0 0 0 0 0 -497 0 0 0 0 0 0 0 0
-2611 2555 -714 -1044 688 0 -1320 -1914 1555 608 1220 1132 0 0 271 0 -1757 0 474 -1617 0 1728 -1836 0 0 0 0 840 1368 0 0 -1112 0 0 992 -345 0 0 0 0 0 0 0 0 0 0 0 0 0 0
-2618 2562 -716 -1047 690 0 -1324 0 1560 610 1224 1136 0 -1148 272 0 0 0 0 -1624 -672 1736 -1845 0 0 -1520 0 0 0 0 0 -1120 -876 0 0 -348 0 0 0 80 0 0 576 0 0 0 0 0 0 0
-2625 2569 -718 -1050 692 0 -1328 -1920 1565 0 1228 1140 0 -1152 273 0 0 0 0 -1631 0 1744 -1854 0 0 0 534 0 0 0 720 -1128 0 0 0 0 0 -810 264 0 0 0 0 0 0 0 0 0 0 0
-2632 2576 -720 -1053 694 0 -1332 -1926 1570 612 0 1144 0 0 274 1620 0 0 476 0 0 1752 -1863 0 0 0 537 845 1376 0 0 0 -882 0 0 0 0 0 0 0 219 0 0 0 0 0 0 69 0 0
-2639 2583 -722 -1056 696 0 -1336 -1932 1575 0 1232 1148 0 -1156 275 1626 -1764 0 478 -1638 -675 1760 -1872 1656 0 -1528 540 850 0 0 0 -1136 -888 0 0 0 0 -819 0 0 0 0 0 378 0 0 0 0 0 0
-2646 2590 -724 -1059 698 0 0 -1938 1580 614 1236 0 0 -1160 276 1632 -1771 0 480 -1645 0 0 -1881 1664 0 0 0 855 1384 0 725 0 -894 0 0 0 0 0 0 0 0 0 0 385 0 0 0 0 0 0
-2653 2597 -726 -1062 700 0 -1340 -1944 1585 616 1240 1152 0 0 277 0 -1778 0 482 -1652 0 0 0 1672 0 0 0 860 0 0 0 -1144 0 -665 1000 0 749 -828 0 0 222 0 0 0 0 0 0 0 0 0
-2660 2604 -728 -1065 702 0 -1344 0 1590 618 1244 0 0 -1164 0 1638 -1785 0 484 0 -678 1768 -1890 0 0 -1536 0 0 1392 0 0 -1152 -900 0 0 0 0 0 267 0 225 0 0 0 0 0 0 0 0 0
-2667 2611 -730 -1068 704 0 -1348 -1950 1595 620 1248 1156 0 -1168 0 1644 -1792 0 486 -1659 -681 1776 -1899 0 0 0 543 865 1400 0 730 -1160 0 0 0 -351 0 0 0 0 228 0 0 0 0 0 0 0 0 0
-2674 2618 -732 -1071 706 0 0 -1956 0 622 1252 0 0 -1172 278 1650 -1799 0 0 0 -684 0 -1908 1680 0 -1544 0 870 0 0 735 0 -906 0 0 -354 756 0 0 0 0 0 0 0 0 0 0 0 0 0
-2681 2625 -734 -1074 708 0 -1352 -1962 1600 624 1256 1160 0 -1176 279 1656 -1806 0 0 -1666 -687 1784 -1917 1688 0 -1552 0 875 0 0 0 0 0 0 0 -357 0 0 0 0 0 -504 0 392 0 0 0 0 0 0
-2688 2632 -736 -1077 710 0 -1356 0 1605 626 0 1164 0 -1180 280 1662 -1813 0 0 -1673 -690 0 -1926 0 0 -1560 0 880 0 0 740 -1168 0 -670 0 -360 0 -837 270 81 0 -511 0 0 0 0 0 0 0 0
-2695 2639 -738 -1080 712 0 -1360 0 0 628 1260 1168 0 -1184 281 0 -1820 0 488 -1680 -693 1792 0 0 0 -1568 546 0 1408 0 745 -1176 -912 0 0 0 0 0 0 0 0 0 0 399 -352 0 0 0 0 0
-2702 2646 -740 -1083 714 0 -1364 -1968 1610 630 1264 1172 0 -1188 0 1668 -1827 0 490 0 0 1800 0 1696 0 0 549 885 1416 0 750 -1184 0 0 1008 0 0 -846 0 82 0 0 0 0 0 0 0 0 0 0
-2709 2653 -742 -1086 716 0 -1368 -1974 1615 632 0 1176 0 -1192 0 1674 -1834 0 492 -1687 -696 0 0 1704 0 0 0 890 1424 0 0 -1192 -918 0 0 -363 0 -855 0 0 0 0 0 0 0 0 0 0 0 0
-2716 2660 -744 -1089 718 0 -1372 -1980 1620 634 0 1180 0 -1196 282 1680 0 0 0 -1694 0 0 -1935 0 0 -1576 552 895 0 0 755 0 0 -675 0 0 0 0 273 0 0 -518 585 0 0 0 0 0 0 0
-2723 2667 -746 -1092 720 0 -1376 -1986 1625 0 1268 0 0 0 283 1686 0 0 494 -1701 -699 1808 -1944 0 0 0 0 0 1432 0 760 0 0 0 0 0 763 -864 0 0 0 0 0 0 0 0 0 0 0 0
-2730 2674 -748 -1095 722 0 0 -1992 1630 636 1272 1184 0 0 284 1692 -1841 0 496 -1708 0 1816 -1953 0 0 0 555 0 0 0 0 0 0 0 0 -366 0 0 276 0 0 0 0 0 0 0 0 0 0 0
-2737 2681 -750 -1098 0 0 -1380 -1998 0 638 1276 1188 0 -1200 285 0 -1848 0 498 0 0 0 -1962 1712 0 -1584 558 0 1440 0 0 -1200 0 0 1016 0 0 0 0 0 0 -525 0 0 -360 0 0 0 0 0
-2744 2688 -752 -1101 724 0 -1384 -2004 1635 640 1280 0 0 0 286 0 -1855 0 0 -1715 0 0 0 1720 0 0 0 900 0 0 0 0 0 -680 0 0 0 0 0 0 0 0 0 0 0 0 31 0 0 0
-2751 2695 -754 -1104 726 0 -1388 -2010 1640 642 1284 1192 0 0 287 1698 -1862 0 0 -1722 -702 0 0 1728 0 0 561 0 0 0 0 0 0 0 0 -369 0 0 0 0 0 0 0 0 0 0 0 0 0 0
-2758 2702 -756 0 728 0 -1392 -2016 0 644 1288 1196 0 -1204 0 1704 -1869 0 500 -1729 -705 0 -1971 1736 0 -1592 564 905 0 0 765 0 0 0 0 0 770 0 0 0 231 0 0 0 0 0 0 0 0 0
-2765 2709 -758 -1107 730 0 -1396 -2022 1645 646 0 1200 0 -1208 288 1710 0 0 502 -1736 0 0 -1980 1744 0 -1600 0 0 0 0 0 -1208 0 0 1024 0 0 0 0 83 0 0 0 0 -368 0 32 0 0 0
-2772 2716 -760 -1110 732 0 -1400 -2028 0 648 1292 1204 0 0 289 1716 -1876 0 0 -1743 0 1824 -1989 1752 0 0 0 910 0 0 0 0 -924 0 1032 -372 0 0 0 84 0 0 0 406 0 0 0 0 0 0
-2779 2723 -762 -1113 734 0 -1404 -2034 1650 650 1296 1208 0 -1212 0 1722 -1883 0 504 -1750 0 1832 0 0 0 0 567 0 1448 0 0 -1216 0 0 0 0 0 0 0 85 0 0 0 0 0 0 0 72 0 0
-2786 2730 -764 -1116 736 0 -1408 0 1655 0 0 1212 0 -1216 290 1728 0 0 506 0 0 0 -1998 0 0 0 0 915 0 0 0 0 0 -685 1040 0 0 0 0 0 234 0 0 0 0 0 0 0 0 0
-2793 2737 -766 -1119 738 0 0 -2040 1660 652 1300 1216 0 -1220 291 0 -1890 0 508 0 -708 0 0 0 0 -1608 0 0 1456 0 770 0 0 0 1048 -375 777 0 0 0 237 0 0 0 0 0 0 0 0 0
-2800 2744 -768 -1122 740 0 0 -2046 1665 0 0 1220 0 0 0 1734 -1897 0 0 0 -711 0 0 0 0 -1616 0 0 0 0 775 -1224 0 -690 0 -378 0 0 0 0 0 0 0 0 0 258 0 0 0 0
-2807 2751 -770 -1125 742 0 -1412 -2052 1670 654 0 0 0 0 0 0 -1904 0 510 0 -714 1840 0 1760 0 0 570 0 0 0 780 -1232 0 0 0 -381 0 0 0 0 0 0 0 0 0 0 0 0 0 0
-2814 2758 -772 -1128 744 0 -1416 -2058 1675 656 1304 1224 0 0 0 1740 0 0 0 -1757 0 1848 -2007 1768 0 -1624 573 0 0 0 0 0 0 -695 0 0 0 0 0 0 0 0 0 413 -376 0 0 0 0 0
-2821 2765 -774 -1131 0 0 -1420 -2064 1680 658 1308 1228 0 -1224 292 1746 -1911 0 0 -1764 -717 0 0 1776 0 0 0 0 1464 0 785 0 -930 0 0 0 0 0 0 0 0 0 0 420 0 0 0 0 0 0
-2828 2772 -776 -1134 746 0 -1424 -2070 1685 660 0 1232 0 0 293 0 0 0 512 -1771 0 1856 -2016 0 0 -1632 576 0 0 0 790 0 0 -700 0 0 0 -873 0 86 240 0 0 0 0 264 0 0 0 0
-2835 2779 -778 -1137 0 0 0 -2076 1690 662 1312 1236 0 -1228 0 1752 -1918 0 0 0 -720 0 -2025 0 0 -1640 0 920 0 0 0 0 0 -705 0 -384 0 -882 0 0 0 0 594 0 0 0 0 0 0 0
-2842 2786 0 -1140 748 0 -1428 0 1695 664 0 1240 0 0 0 0 0 0 0 -1778 -723 1864 -2034 0 0 -1648 0 0 1472 0 0 0 0 0 0 0 0 -891 0 0 0 -532 0 0 0 0 0 0 0 0
-2849 2793 -780 -1143 0 0 -1432 -2082 1700 666 0 1244 0 0 294 1758 -1925 0 0 0 -726 0 -2043 1784 0 -1656 579 925 1480 0 0 0 0 0 1056 0 0 -900 0 0 243 0 0 0 0 0 0 0 96 0
-2856 2800 -782 -1146 750 0 -1436 -2088 1705 668 1316 1248 0 -1232 0 1764 0 0 514 -1785 -729 1872 -2052 1792 0 0 0 0 1488 0 0 -1240 0 0 0 0 0 0 0 0 0 0 0 0 0 0 0 0 0 0
-2863 2807 -784 -1149 752 0 -1440 -2094 1710 670 1320 1252 0 -1236 295 0 0 0 516 0 0 1880 -2061 0 0 0 582 0 1496 0 795 -1248 0 0 0 0 0 -909 279 0 0 0 0 0 0 0 0 0 0 0
-2870 2814 -786 -1152 0 0 -1444 -2100 1715 672 1324 1256 0 -1240 296 1770 -1932 0 518 -1792 0 0 -2070 0 0 -1664 0 0 0 0 0 0 0 0 1064 0 0 0 0 0 0 0 0 0 0 0 0 0 0 0
-2877 2821 -788 -1155 754 0 -1448 0 1720 674 1328 1260 0 0 0 0 -1939 0 0 -1799 0 1888 -2079 1800 0 -1672 0 0 1504 0 0 0 0 0 1072 -387 0 0 0 0 0 0 0 0 0 0 0 0 0 0
-2884 2828 -790 -1158 756 0 0 -2106 0 0 0 1264 0 0 297 0 -1946 0 0 0 -732 0 -2088 1808 0 0 585 930 0 0 800 0 0 0 0 0 0 0 0 87 0 0 603 0 -384 0 0 0 0 0
-2891 2835 -792 -1161 758 0 0 -2112 1725 676 1332 1268 0 -1244 298 0 -1953 0 520 -1806 0 0 -2097 0 0 -1680 0 0 1512 0 805 0 -936 0 0 0 784 0 282 88 0 0 612 0 0 0 0 0 0 0
-2898 2842 -794 -1164 760 0 -1452 -2118 1730 678 0 1272 0 -1248 0 1776 0 0 522 -1813 -735 1896 0 1816 0 0 588 935 0 0 810 0 -942 0 0 0 0 0 0 89 0 0 621 0 0 0 0 0 0 0
-2905 2849 -796 -1167 762 0 -1456 -2124 1735 0 0 1276 0 0 299 0 -1960 0 524 -1820 -738 1904 0 1824 0 -1688 591 0 1520 0 0 0 0 0 0 -390 0 0 0 0 246 0 0 0 0 0 0 0 0 0
-2912 2856 -798 -1170 764 0 -1460 -2130 1740 680 1336 0 0 -1252 0 1782 -1967 0 526 0 0 1912 -2106 0 0 0 594 940 0 0 0 0 -948 0 0 0 0 -918 0 0 0 0 0 0 -392 0 0 0 0 0
-2919 2863 -800 -1173 766 0 -1464 0 1745 682 1340 1280 0 -1256 0 1788 -1974 0 528 -1827 0 1920 -2115 1832 0 0 0 945 1528 0 815 -1256 0 -710 0 0 0 -927 0 90 0 0 0 0 0 0 0 0 0 0
-2926 2870 -802 -1176 768 0 -1468 0 1750 684 1344 0 0 -1260 300 0 0 0 0 -1834 0 1928 -2124 0 0 -1696 597 950 0 0 820 0 0 0 0 0 791 0 285 0 0 0 0 0 0 0 0 0 0 0
-2933 2877 -804 -1179 770 0 -1472 -2136 1755 686 1348 1284 0 0 301 1794 -1981 0 530 -1841 -741 1936 -2133 1840 0 0 600 955 1536 0 0 0 -954 0 0 0 798 0 288 0 0 0 0 0 0 0 33 0 0 0
-2940 2884 -806 -1182 0 0 -1476 -2142 1760 688 0 1288 0 0 302 1800 -1988 0 532 0 -744 0 0 0 0 -1704 603 960 1544 0 0 0 -960 0 0 0 0 0 0 0 0 0 0 0 0 0 0 0 0 0
-2947 2891 -808 0 772 0 0 -2148 1765 690 1352 1292 0 0 303 1806 0 0 534 -1848 -747 1944 0 0 0 0 0 965 1552 0 0 0 0 -715 0 -393 0 0 0 0 0 0 0 0 0 270 0 0 0 0
-2954 2898 -810 -1185 774 0 0 -2154 1770 0 1356 1296 0 0 0 1812 -1995 0 536 0 -750 1952 0 0 0 0 0 970 0 0 0 0 0 0 1080 0 0 0 0 91 249 0 0 0 0 0 0 0 0 0
-2961 2905 -812 -1188 776 0 -1480 -2160 1775 692 1360 1300 0 0 304 0 -2002 0 538 0 0 0 0 1848 0 0 0 0 0 0 0 0 0 -720 0 0 0 -936 291 0 252 0 0 0 0 0 0 0 0 0
-2968 2912 -814 -1191 778 0 -1484 -2166 0 0 1364 1304 0 0 0 1818 0 0 0 -1855 -753 1960 -2142 1856 0 -1712 606 975 0 0 825 0 0 -725 0 0 805 0 0 0 0 -539 630 0 0 0 0 0 0 0
-2975 2919 -816 -1194 780 0 -1488 -2172 1780 694 0 1308 0 0 305 1824 -2009 0 540 -1862 -756 0 -2151 0 0 -1720 0 980 0 0 0 0 0 -730 0 0 0 0 294 0 255 0 639 0 0 0 0 0 0 0
-2982 2926 -818 0 782 0 -1492 -2178 1785 696 1368 1312 0 -1264 0 1830 -2016 0 0 0 -759 0 0 0 0 0 609 0 1560 0 0 0 0 0 0 -396 0 0 0 0 0 0 0 0 0 0 0 0 0 0
-2989 2933 -820 -1197 784 0 -1496 -2184 1790 698 1372 0 0 -1268 306 1836 -2023 0 542 -1869 -762 1968 -2160 0 0 0 0 0 0 0 0 -1264 0 -735 0 -399 812 -945 0 0 0 0 0 0 0 0 0 0 0 0
-2996 2940 -822 -1200 786 0 -1500 -2190 1795 700 1376 1316 0 -1272 307 0 0 0 544 -1876 0 1976 -2169 1864 0 -1728 612 0 0 0 830 0 0 -740 0 0 0 0 0 92 0 0 0 427 0 0 0 0 0 0
-3003 2947 -824 -1203 788 0 -1504 -2196 1800 702 1380 1320 0 -1276 0 1842 -2030 0 546 -1883 -765 0 -2178 1872 0 -1736 615 985 0 0 835 -1272 0 0 0 0 819 0 0 0 258 -546 0 0 0 0 0 0 0 0
-3010 2954 -826 -1206 790 0 -1508 -2202 1805 704 1384 1324 0 -1280 308 0 -2037 0 0 0 -768 0 0 0 0 -1744 618 0 0 0 840 0 -966 0 1088 0 0 0 0 0 0 0 648 0 0 0 34 0 0 0
-3017 2961 -828 -1209 0 0 -1512 -2208 1810 706 1388 1328 0 -1284 0 0 0 0 548 0 -771 1984 -2187 1880 0 0 0 990 0 0 845 -1280 0 0 0 0 0 0 297 93 0 -553 0 0 -400 0 0 0 0 0
-3024 2968 -830 -1212 792 0 -1516 -2214 1815 708 1392 1332 0 -1288 309 1848 -2044 0 550 -1890 -774 1992 -2196 1888 0 0 621 0 0 0 0 -1288 -972 0 0 0 826 0 0 0 0 0 0 0 0 0 0 0 0 0
-3031 2975 -832 -1215 0 0 -1520 -2220 1820 0 1396 1336 0 -1292 0 0 -2051 0 552 0 0 0 -2205 0 0 -1752 0 0 1568 0 0 -1296 0 0 1096 0 833 0 0 0 0 0 0 0 0 0 0 0 0 0
-3038 2982 -834 -1218 794 0 -1524 -2226 1825 710 1400 1340 0 -1296 0 1854 -2058 0 554 -1897 0 0 0 1896 0 0 0 995 0 0 0 0 -978 0 0 0 0 0 0 94 0 0 0 434 0 0 0 0 0 0
-3045 2989 0 -1221 796 0 -1528 0 1830 712 1404 1344 0 -1300 310 1860 -2065 0 0 0 -777 2000 -2214 1904 0 0 0 1000 0 0 0 -1304 0 0 0 -402 840 0 0 0 0 0 0 0 0 0 0 0 0 0
-3052 2996 -836 -1224 0 0 0 -2232 1835 714 0 1348 0 -1304 311 0 0 0 556 0 -780 2008 0 1912 0 0 624 0 1576 0 850 -1312 0 -745 0 -405 847 0 300 0 0 0 0 0 0 0 0 75 0 0
-3059 3003 -838 -1227 798 0 -1532 -2238 1840 0 1408 1352 0 0 312 0 -2072 0 558 0 -783 0 -2223 0 0 0 627 0 0 0 0 0 0 0 0 0 854 0 0 0 0 0 0 0 0 0 35 0 0 0
-3066 3010 -840 -1230 800 0 -1536 -2244 1845 0 1412 1356 0 -1308 313 1866 -2079 0 560 -1904 -786 2016 0 0 0 -1760 630 1005 0 0 855 -1320 0 -750 0 0 0 -954 303 0 0 -560 0 0 0 0 0 0 0 0
-3073 3017 -842 -1233 802 0 -1540 -2250 0 716 1416 1360 0 0 314 1872 -2086 0 0 0 0 0 0 1920 0 -1768 633 1010 1584 0 860 -1328 0 0 0 -408 0 0 306 0 0 0 0 0 0 0 0 0 0 0
-3080 0 -844 -1236 804 0 -1544 -2256 1850 0 1420 1364 0 0 0 0 -2093 0 562 -1911 -789 2024 -2232 1928 0 0 636 0 0 0 0 -1336 0 0 0 0 0 0 0 0 0 0 0 0 -408 0 0 78 0 0
-3087 3024 -846 -1239 806 0 -1548 0 1855 718 1424 1368 0 -1312 315 1878 -2100 0 564 -1918 0 0 -2241 0 0 -1776 0 1015 0 0 0 0 0 0 0 0 0 0 0 95 0 0 0 0 -416 0 0 0 0 0
-3094 3031 -848 -1242 808 0 -1552 -2262 1860 720 1428 1372 0 -1316 316 1884 -2107 0 0 -1925 -792 2032 0 0 0 -1784 0 0 0 0 0 -1344 -984 0 1104 0 0 0 0 0 0 0 0 441 0 0 0 0 0 0
-3101 3038 -850 -1245 810 0 -1556 -2268 1865 722 0 1376 0 0 317 0 -2114 0 566 0 -795 2040 0 1936 0 -1792 0 0 0 0 865 -1352 0 0 0 0 0 0 0 0 261 0 0 0 0 0 0 0 0 0
-3108 3045 -852 -1248 812 0 -1560 -2274 1870 724 1432 1380 0 0 0 1890 -2121 0 568 -1932 -798 0 -2250 1944 0 -1800 639 1020 0 0 0 -1360 -990 0 0 0 861 -963 309 0 264 -567 0 0 0 0 0 0 0 0
-3115 3052 -854 -1251 814 0 0 -2280 1875 726 1436 1384 0 0 318 1896 -2128 0 0 -1939 0 0 0 0 0 0 0 0 1592 0 0 0 0 0 0 0 868 -972 0 0 0 0 0 0 0 0 0 0 0 0
-3122 3059 -856 -1254 816 0 -1564 -2286 1880 728 1440 1388 0 -1320 319 0 0 0 0 -1946 0 0 -2259 0 0 0 0 0 0 0 870 -1368 0 0 0 -411 875 0 0 0 0 -574 0 0 0 0 0 0 0 0
-3129 3066 -858 -1257 0 0 -1568 -2292 1885 730 1444 1392 0 -1324 320 1902 -2135 0 570 -1953 0 2048 0 0 0 -1808 0 1025 0 0 0 0 0 0 1112 0 0 -981 312 0 0 0 0 0 0 0 0 0 0 0
-3136 3073 -860 -1260 818 0 -1572 -2298 1890 732 1448 0 0 0 321 1908 -2142 0 0 0 -801 2056 0 1952 0 0 642 0 1600 0 875 0 0 0 1120 0 882 0 0 0 267 0 0 0 -424 0 0 0 0 0
-3143 3080 -862 -1263 820 0 -1576 -2304 1895 734 1452 1396 0 -1328 322 1914 -2149 0 572 0 -804 2064 -2268 0 0 0 0 1030 0 0 0 -1376 0 0 0 0 0 0 0 0 0 0 0 0 -432 0 0 0 0 0
-3150 3087 -864 -1266 822 0 -1580 0 1900 0 1456 1400 0 -1332 323 1920 -2156 0 574 0 0 2072 0 0 0 0 0 1035 0 0 880 0 0 0 0 0 0 0 0 0 0 0 657 0 0 0 0 0 0 0
-3157 3094 -866 -1269 824 0 -1584 -2310 1905 736 1460 0 0 -1336 0 1926 0 0 0 -1960 0 2080 -2277 0 0 -1816 645 1040 0 0 0 0 -996 0 1128 0 0 -990 0 96 0 0 0 0 0 0 0 0 0 0
-3164 3101 0 -1272 826 0 -1588 0 0 738 1464 1404 0 -1340 324 0 -2163 0 576 -1967 -807 2088 -2286 0 0 0 648 1045 0 0 0 0 -1002 0 0 -414 0 -999 315 0 0 0 0 0 0 0 0 0 0 0
-3171 3108 -868 -1275 828 0 -1592 -2316 1910 740 1468 1408 0 0 0 1932 -2170 0 578 -1974 0 0 -2295 1960 0 -1824 0 0 0 0 885 -1384 -1008 0 0 0 0 -1008 318 0 270 0 0 0 0 0 0 0 0 42
-3178 3115 -870 -1278 830 0 -1596 -2322 1915 742 1472 1412 0 -1344 0 0 -2177 0 580 0 -810 0 0 1968 0 0 651 1050 0 0 0 0 0 0 1136 -417 0 -1017 0 97 273 -581 0 0 -440 0 0 0 0 0
-3185 3122 -872 -1281 832 0 -1600 -2328 0 744 0 1416 0 0 0 0 -2184 0 582 0 -813 2096 0 1976 0 -1832 654 0 1608 0 0 -1392 0 0 0 0 0 0 321 0 0 0 666 0 0 0 0 0 102 0
-3192 3129 -874 -1284 834 0 -1604 -2334 1920 746 1476 1420 0 -1348 325 1938 0 0 0 0 -816 2104 0 0 0 -1840 0 1055 0 0 0 -1400 -1014 -755 0 -420 889 0 0 0 0 0 0 0 0 0 0 0 0 0
-3199 3136 -876 -1287 836 0 -1608 -2340 0 748 1480 1424 0 0 0 1944 -2191 0 584 0 -819 2112 0 0 0 0 657 1060 1616 0 890 0 0 0 0 0 0 0 324 98 0 0 0 0 0 0 0 0 0 0
-3206 3143 -878 -1290 838 0 -1612 -2346 1925 750 1484 1428 0 -1352 326 1950 -2198 0 0 0 -822 0 -2304 1984 0 0 660 0 0 0 0 -1408 -1020 -760 0 0 896 -1026 0 0 0 -588 0 0 0 0 0 0 0 0
-3213 3150 -880 -1293 840 0 0 -2352 1930 752 1488 0 0 -1356 327 1956 -2205 0 586 0 0 2120 0 1992 0 -1848 0 0 0 0 895 0 0 0 1144 -423 0 -1035 0 0 276 0 675 448 -448 0 0 0 0 0
-3220 3157 0 0 842 0 -1616 -2358 0 754 1492 1432 0 -1360 328 1962 -2212 0 0 -1981 0 2128 -2313 2000 0 0 0 0 0 0 900 0 -1026 0 1152 0 0 -1044 0 99 279 0 0 0 0 0 0 0 0 0
-3227 3164 -882 -1296 844 0 -1620 -2364 1935 0 1496 1436 0 -1364 0 1968 0 0 588 -1988 0 2136 0 2008 0 -1856 0 0 1624 0 0 -1416 -1032 -765 0 -426 0 0 0 0 0 0 0 0 0 0 36 0 0 0
-3234 3171 -884 -1299 846 0 -1624 -2370 1940 756 0 0 0 -1368 329 0 -2219 0 590 -1995 -825 0 -2322 0 0 -1864 663 0 0 0 0 0 0 0 1160 0 0 0 0 100 0 0 0 0 0 0 0 0 0 0
-3241 3178 -886 -1302 848 0 -1628 -2376 1945 758 1500 1440 0 -1372 330 1974 -2226 0 592 -2002 -828 2144 -2331 0 0 0 0 0 1632 0 905 0 0 -770 0 0 0 0 0 0 0 0 0 0 0 0 0 81 0 0
-3248 3185 -888 -1305 850 0 -1632 -2382 0 0 1504 1444 0 -1376 331 0 -2233 0 0 -2009 -831 0 -2340 2016 0 -1872 666 0 0 0 910 -1424 -1038 -775 1168 -429 0 0 0 0 0 -595 0 0 0 0 0 0 108 0
-3255 3192 -890 -1308 852 0 -1636 -2388 1950 760 1508 1448 0 -1380 332 1980 -2240 0 594 -2016 -834 2152 -2349 0 0 -1880 669 0 0 0 915 0 -1044 -780 0 0 903 0 0 0 0 0 0 455 0 0 0 0 0 0
-3262 3199 -892 -1311 854 0 -1640 -2394 1955 762 1512 1452 0 -1384 333 1986 0 0 596 -2023 -837 2160 -2358 0 0 0 672 0 0 0 920 0 -1050 -785 0 0 0 -1053 327 0 0 0 0 0 0 0 0 0 0 0
-3269 3206 -894 -1314 856 0 -1644 -2400 1960 0 1516 1456 0 -1388 0 1992 0 0 598 -2030 -840 0 0 2024 0 0 675 1065 1640 0 925 0 0 0 1176 0 0 0 0 0 0 0 0 0 0 0 0 0 0 0
-3276 3213 -896 -1317 858 0 -1648 -2406 0 764 1520 1460 0 -1392 334 1998 0 0 600 -2037 -843 2168 0 2032 0 -1888 678 1070 1648 0 0 0 0 0 1184 -432 0 -1062 0 0 0 0 0 0 -456 0 0 0 0 0
-3283 3220 -898 -1320 860 0 -1652 -2412 1965 766 1524 1464 0 -1396 335 0 -2247 0 602 0 -846 0 0 2040 0 -1896 681 0 0 0 930 -1432 0 0 1192 0 910 0 330 101 0 0 0 0 0 0 37 0 0 0
-3290 3227 -900 -1323 862 0 -1656 -2418 1970 768 0 1468 0 0 336 0 0 0 0 0 0 2176 -2367 2048 0 0 684 0 1656 0 0 -1440 0 -790 0 0 0 0 0 0 0 -602 0 0 0 0 0 0 0 0
-3297 3234 -902 -1326 864 0 -1660 -2424 1975 770 1528 1472 0 -1400 337 0 -2254 0 604 -2044 -849 2184 0 0 0 -1904 0 0 0 0 0 -1448 0 0 1200 0 0 0 0 0 0 0 0 0 0 0 0 0 0 0
-3304 3241 -904 -1329 866 0 -1664 -2430 0 772 0 1476 0 0 338 0 0 0 606 -2051 -852 0 0 2056 0 0 0 0 0 0 0 0 0 0 0 0 917 -1071 0 0 282 0 0 0 0 0 0 0 0 48
-3311 3248 -906 -1332 868 0 -1668 -2436 1980 774 1532 1480 0 -1404 339 2004 -2261 0 608 0 -855 0 -2376 2064 0 0 0 0 0 0 935 0 0 -795 0 0 924 0 0 102 285 -609 684 0 0 0 0 0 0 0
-3318 3255 -908 -1335 870 0 -1672 -2442 1985 776 1536 0 0 -1408 340 2010 0 0 0 0 0 0 0 0 0 0 0 0 0 0 0 0 0 0 1208 0 0 -1080 0 103 0 0 0 0 0 0 0 0 0 0
-3325 3262 -910 -1338 872 0 -1676 0 0 0 0 1484 0 -1412 341 0 -2268 0 0 -2058 -858 2192 -2385 0 0 0 0 1075 0 0 0 0 -1056 0 0 -435 931 0 333 0 0 0 0 0 0 0 0 0 0 0
-3332 3269 -912 -1341 874 0 0 -2448 1990 778 1540 0 0 -1416 0 0 0 0 0 -2065 0 2200 -2394 2072 0 -1912 0 1080 0 0 940 -1456 0 -800 0 0 938 0 0 0 288 0 0 0 0 0 0 0 0 0
-3339 3276 -914 -1344 876 0 -1680 -2454 0 780 0 1488 0 0 342 2016 0 0 610 0 -861 0 -2403 2080 0 -1920 687 1085 0 0 945 0 0 -805 1216 0 945 -1089 336 104 291 0 0 0 0 0 0 0 114 0
-3346 3283 -916 -1347 878 0 -1684 -2460 1995 782 1544 1492 0 -1420 343 2022 -2275 0 0 0 -864 2208 -2412 0 0 0 690 1090 1664 0 950 -1464 0 -810 1224 0 0 -1098 0 0 0 -616 0 0 0 0 0 0 0 0
-3353 3290 -918 -1350 880 0 -1688 -2466 0 0 0 0 0 -1424 344 2028 -2282 0 0 0 -867 2216 0 0 0 0 0 0 0 0 955 0 0 -815 0 0 952 -1107 339 0 0 0 0 0 0 0 0 0 0 0
-3360 3297 -920 -1353 882 0 -1692 -2472 2000 784 0 1496 0 0 345 0 0 0 0 -2072 -870 2224 0 0 0 0 693 0 1672 0 0 0 0 0 0 0 0 0 342 0 0 0 0 0 0 0 0 0 0 0
-3367 3304 -922 -1356 884 0 -1696 -2478 2005 786 1548 1500 0 -1428 346 2034 0 0 612 0 0 0 0 0 0 0 0 0 0 0 0 0 -1062 0 0 0 0 -1116 0 105 0 0 0 0 0 0 0 0 0 0
-3374 3311 -924 -1359 886 0 -1700 -2484 2010 788 1552 0 0 0 347 0 0 0 614 -2079 -873 2232 -2421 0 0 0 0 1095 1680 0 0 0 0 -820 0 -438 0 -1125 0 0 0 0 0 0 0 0 0 0 0 0
-3381 0 -926 -1362 888 0 -1704 -2490 2015 790 1556 1504 0 -1432 348 0 -2289 0 616 0 -876 0 -2430 0 0 -1928 696 1100 0 0 960 -1472 -1068 -825 0 -441 0 0 0 0 0 0 0 0 0 0 0 0 0 0
-3388 3318 -928 0 890 0 -1708 -2496 2020 792 1560 0 0 0 0 0 -2296 0 0 -2086 0 2240 -2439 2088 0 0 0 0 1688 0 965 -1480 0 0 0 0 959 -1134 0 0 0 0 0 0 0 0 0 0 0 0
-3395 3325 -930 -1365 892 0 -1712 -2502 2025 794 0 0 0 0 349 2040 -2303 0 618 -2093 0 0 0 2096 0 0 699 1105 0 0 0 0 0 0 0 -444 0 0 0 0 0 0 0 0 0 276 0 0 0 0
-3402 3332 -932 -1368 894 0 -1716 -2508 2030 796 1564 1508 0 -1436 350 0 0 0 620 -2100 -879 2248 -2448 2104 0 -1936 702 0 1696 0 0 0 0 0 1232 0 0 0 345 106 294 0 0 462 0 0 0 0 0 0
-3409 3339 -934 -1371 896 0 0 0 2035 798 0 1512 0 0 351 2046 0 0 0 0 0 0 0 0 0 -1944 0 1110 1704 0 0 -1488 0 -830 0 0 0 0 0 0 0 -623 0 0 0 282 0 0 0 54
-3416 3346 -936 -1374 0 0 -1720 -2514 2040 800 1568 1516 0 -1440 352 2052 -2310 0 622 -2107 0 2256 0 2112 0 -1952 0 0 0 0 970 0 0 0 0 0 966 0 0 107 0 0 693 0 -464 288 38 0 0 0
-3423 3353 -938 -1377 898 0 0 -2520 2045 802 1572 1520 0 0 353 0 -2317 0 624 0 0 2264 0 2120 0 0 705 0 1712 0 0 -1496 -1074 -835 0 0 0 0 0 0 0 0 702 0 0 0 0 84 0 0
-3430 3360 -940 -1380 900 0 0 -2526 2050 804 0 1524 0 -1444 0 0 -2324 0 626 -2114 -882 0 0 2128 0 -1960 708 1115 1720 0 975 0 0 0 1240 0 0 0 348 0 0 0 0 469 0 0 0 0 0 0
-3437 3367 -942 -1383 902 0 -1724 0 2055 0 1576 1528 0 0 354 2058 -2331 0 628 0 -885 0 -2457 2136 0 -1968 0 1120 1728 0 980 0 0 0 0 0 0 -1143 351 0 0 0 711 0 0 0 0 0 0 0
-3444 3374 -944 -1386 904 0 -1728 -2532 2060 806 1580 1532 0 -1448 0 0 -2338 0 630 0 -888 2272 -2466 0 0 0 0 0 1736 0 0 -1504 0 0 0 0 0 0 0 108 0 0 0 0 0 294 0 0 0 0
-3451 3381 -946 -1389 906 0 -1732 -2538 2065 0 1584 1536 0 -1452 355 2064 0 0 632 -2121 0 2280 -2475 0 0 -1976 0 1125 0 0 0 0 0 0 0 -447 0 -1152 0 0 0 0 0 476 0 0 0 0 0 0
-3458 3388 -948 -1392 908 0 -1736 -2544 2070 808 0 1540 0 -1456 356 2070 -2345 0 0 -2128 -891 2288 -2484 2144 0 0 0 1130 0 0 985 -1512 0 0 0 0 0 -1161 354 0 297 0 0 0 0 0 0 0 0 0
-3465 3395 -950 -1395 910 0 -1740 -2550 2075 810 1588 1544 0 -1460 0 2076 -2352 0 0 -2135 -894 0 0 2152 0 -1984 711 0 0 0 0 0 0 -840 1248 0 0 0 0 109 0 0 0 0 -472 0 0 0 0 0
-3472 3402 -952 -1398 912 0 -1744 -2556 2080 812 0 1548 0 -1464 357 2082 -2359 0 0 -2142 0 2296 -2493 0 0 0 0 1135 0 0 990 0 0 -845 1256 0 0 0 0 0 0 0 0 0 0 0 39 0 0 0
-3479 3409 -954 -1401 914 0 -1748 -2562 2085 814 1592 1552 0 -1468 0 2088 0 0 634 -2149 0 0 -2502 0 0 -1992 714 1140 1744 0 995 0 0 0 1264 0 0 0 0 0 0 0 0 483 0 0 0 0 0 0
-3486 3416 -956 -1404 916 0 -1752 -2568 2090 816 1596 0 0 -1472 358 2094 -2366 0 636 -2156 -897 2304 0 0 0 0 717 1145 1752 0 0 0 0 0 0 0 973 0 357 0 0 0 0 0 0 0 0 0 0 0
-3493 3423 -958 -1407 918 0 -1756 -2574 2095 818 0 1556 0 -1476 359 0 -2373 0 638 -2163 0 2312 -2511 0 0 0 0 0 0 0 0 0 0 0 1272 0 0 0 0 0 0 0 0 0 0 0 0 87 0 -1
