1 2 3 4 5 6 7 8 9 10 11 12 13 14 15 16 17 18 19 20 21 22 23 24 25 26 27 28 29 30 31 32 33 34 35 36 37 38 39 40 41 42 43 44 45 46 47 48 49 50
-36 1 -15 -4 2 17 -11 -11 -1 40 24 -1 -1 -43 47 28 -1 47 -1 -3 -19 37 -39 -1 25 -1 2 6 31 -1 -1 -5 -1 -1 -1 -1 -1 -1 -1 -1 16 -1 4 -1 -42 -1 -1 -1 -1 -1
-7 7 -2 -3 2 0 -1 -6 25 2 -1 15 24 -4 -1 6 -10 -1 37 -7 -3 -1 -1 -1 -1 -1 -1 5 8 11 29 -8 -1 -1 -1 -1 -1 -1 -1 26 3 -1 -1 -1 -8 -1 -1 -1 -1 -1
-14 14 -4 -6 4 0 -4 -12 5 4 4 4 -1 -8 1 -1 -1 0 -1 -14 -1 8 -9 25 0 -1 3 10 16 -1 5 -1 -19 -1 -1 -1 -1 -1 -1 -1 -1 -1 -1 -1 -1 -1 -1 -1 -1 -1
-21 21 -6 -9 6 0 -8 -1 10 6 8 8 0 -12 2 12 -7 0 2 -1 -6 16 -1 -1 0 -1 6 15 24 -1 -1 -1 -1 -5 -1 -35 -1 -1 -1 -1 -1 -21 9 -1 -1 10 30 -1 -1 -1
-28 28 -8 -12 8 0 -12 -18 15 8 12 12 -1 -16 3 18 -1 -1 -1 -1 -9 -1 -18 -1 -1 -1 -1 -1 -1 -1 -1 -1 -6 -1 -1 -1 -1 -1 -1 1 6 -1 18 -1 -16 6 1 -1 -1 -1
-35 35 -10 -15 10 0 -1 -24 20 10 -1 16 -1 -20 4 24 -14 0 -1 -1 -1 24 -27 8 -1 -1 9 -1 32 0 -1 -1 -1 -1 -1 -1 47 -1 3 -1 -1 -1 -1 49 -1 -1 -1 -1 -1 -1
-42 42 -1 -18 12 0 -16 -30 25 12 16 20 0 -24 5 30 -21 0 4 -1 -1 -1 -36 -1 0 -8 -1 -1 -1 0 -1 -16 -1 -5 -1 -1 -1 -1 -1 -1 -1 -1 -1 -1 -1 -1 -1 -1 -1 -1
-49 49 -12 -21 14 0 -20 -36 30 14 20 24 -1 -28 6 36 -28 -1 6 -1 -12 32 -1 -1 0 -1 -1 20 -1 -1 10 -1 -12 -1 -1 -1 -1 -1 3 -1 -1 -1 -1 -1 -24 12 -1 -1 -1 -1
-56 56 -14 -24 16 0 -1 -42 35 16 24 28 0 -1 7 42 -1 -1 8 -21 -15 -1 -45 -1 -1 -16 -1 25 -1 0 15 -1 -1 -1 6 -1 7 -1 -1 -1 -1 -7 -1 -1 -1 -1 -1 -1 -1 -1
-63 63 -16 -27 18 0 -1 -48 40 18 28 32 0 -32 8 -1 -35 0 10 -28 -1 40 -1 16 -1 -24 12 30 -1 -1 20 -1 -1 -1 -1 -1 -1 -1 -1 2 -1 -14 -1 -1 -1 -1 -1 -1 -1 -1
-70 70 -18 -30 20 0 -24 -54 45 -1 32 36 0 -36 9 48 -1 -1 12 -35 -18 48 -1 24 -1 -1 -1 35 40 0 -1 -24 -1 -1 -1 -1 14 -1 6 -1 -1 -1 -1 -1 -1 -1 -1 -1 -1 -1
-77 77 -20 -33 22 0 -28 -1 50 -1 -1 -1 0 -40 10 -1 -42 0 14 -42 -21 56 -1 32 -1 -1 15 40 -1 -1 -1 -1 -1 -1 -1 -1 21 -1 9 -1 -1 -1 -1 -1 -1 -1 -1 -1 -1 -1
-84 84 -22 -36 24 -1 -32 -1 55 20 36 40 0 -44 11 54 -49 -1 16 -49 -1 64 -1 -1 0 -32 -1 45 -1 0 -1 -32 -18 -1 -1 -3 -1 -9 -1 -1 -1 -1 -1 -1 -32 -1 -1 -1 -1 -1
-91 91 -24 -39 26 0 -36 -60 60 22 40 44 0 -48 12 60 -56 0 18 -56 -1 -1 -1 -1 0 -40 18 -1 -1 0 -1 -1 -24 -1 -1 -1 -1 -1 -1 -1 -1 -1 -1 -1 -1 -1 -1 -1 -1 -1
-98 98 -26 -1 28 0 -1 -66 65 -1 44 48 -1 -1 -1 66 -63 0 -1 -63 -1 -1 -54 40 -1 -48 -1 50 48 0 25 -40 -1 -1 8 -1 -1 -1 -1 -1 -1 -1 -1 -1 -1 -1 -1 -1 -1 -1
-105 105 -28 -42 30 0 -40 -72 70 24 48 52 0 -52 13 -1 -70 0 -1 -70 -24 -1 -63 -1 0 -56 21 -1 -1 0 -1 -1 -30 -1 -1 -6 -1 -1 12 -1 -1 -1 -1 7 -1 -1 -1 -1 -1 -1
-112 112 -30 -45 32 -1 -44 -78 75 26 52 56 0 -56 14 72 -77 0 20 -77 -27 -1 -1 48 0 -1 24 -1 -1 -1 30 -1 -1 -1 -1 -1 -1 -1 -1 -1 -1 -1 27 -1 -1 -1 -1 -1 -1 -1
-119 119 -32 -48 34 0 -48 -84 80 28 56 60 0 -60 15 78 -1 0 -1 -1 -1 72 -72 56 -1 -64 27 55 -1 -1 35 -48 -1 -1 -1 -1 28 -1 -1 -1 -1 -1 -1 -1 -1 -1 -1 -1 -1 -1
-126 126 -34 -51 36 0 -52 -90 85 -1 60 64 0 -1 16 84 -1 0 22 -84 -30 80 -81 64 0 -72 30 -1 -1 0 40 -1 -36 -1 -1 -9 35 -1 15 -1 -1 -1 -1 14 -1 18 -1 -1 -1 -1
-133 133 -36 -54 38 0 -56 -96 90 30 64 68 0 -64 -1 -1 -1 0 24 -91 -33 -1 -90 72 0 -1 -1 -1 56 0 -1 -1 -42 -1 16 -12 42 -1 -1 -1 -1 -1 -1 -1 -40 -1 -1 -1 -1 -1
-140 140 -38 -57 40 0 -60 -102 95 32 68 72 0 -68 17 -1 -84 0 26 -1 -1 -1 -1 80 0 -80 33 60 64 0 45 -1 -1 -10 -1 -15 49 -1 -1 -1 9 -1 36 21 -1 -1 -1 -1 -1 -1
-147 147 -40 -60 42 0 -64 -1 100 34 -1 -1 0 -72 18 90 -91 -1 28 -1 -36 88 -99 -1 -1 -88 -1 -1 72 -1 50 -1 -48 -1 -1 -18 -1 -1 -1 -1 -1 -21 -1 -1 -1 -1 -1 -1 -1 -1
-154 154 -42 -63 44 0 -68 -108 105 36 72 76 0 -76 19 -1 -98 0 30 -1 -39 -1 -108 88 0 -96 36 -1 -1 -1 -1 -1 -54 -1 24 -21 56 -1 -1 -1 -1 -28 -1 -1 -48 -1 -1 -1 -1 -1
-161 161 -44 -66 46 0 -72 -114 110 38 76 80 0 -80 20 96 -105 0 -1 -1 -42 -1 -1 -1 0 -1 -1 -1 -1 -1 55 -56 -60 -1 -1 -1 -1 -1 18 -1 -1 -1 45 28 -1 -1 -1 -1 -1 -1
-168 168 -46 -69 48 0 -76 -120 115 40 80 -1 -1 -84 21 102 -112 0 32 -98 -1 -1 -117 96 0 -104 39 65 -1 0 60 -1 -1 -1 32 -1 63 -1 21 -1 -1 -1 -1 -1 -1 -1 -1 -1 -1 -1
-175 175 -48 -72 50 0 -1 -126 120 42 84 84 0 -88 22 108 -1 -1 -1 -105 -45 -1 -126 104 0 -112 42 -1 -1 -1 -1 -1 -66 -1 -1 -1 -1 -18 -1 -1 -1 -1 54 -1 -1 -1 -1 -1 -1 -1
-182 182 -50 -75 52 0 -80 -132 125 -1 -1 88 0 -92 -1 114 -119 -1 -1 -112 -48 96 -1 112 0 -1 45 -1 80 -1 -1 -1 -72 -1 -1 -1 -1 -1 -1 -1 -1 -35 -1 -1 -1 -1 2 -1 -1 -1
-189 189 -52 -78 54 0 -84 -138 130 44 88 92 0 -96 -1 -1 -126 0 34 -119 -51 -1 -1 120 0 -1 -1 -1 -1 -1 -1 -1 -1 -1 -1 -24 -1 -1 -1 3 -1 -1 -1 35 -56 -1 -1 -1 -1 -1
-196 196 -54 -81 56 0 -88 -144 135 46 92 96 0 -100 23 120 -1 0 36 -126 -54 104 -1 128 -1 -120 48 -1 88 0 -1 -1 -1 -1 -1 -1 -1 -1 -1 -1 -1 -1 -1 -1 -1 -1 -1 -1 -1 -1
-203 203 -56 -84 58 0 -92 -150 140 48 96 100 -1 -104 24 -1 -133 0 38 -133 -1 -1 -1 136 0 -1 51 -1 96 0 65 -1 -1 -1 -1 -1 70 -27 -1 -1 -1 -1 -1 -1 -1 -1 -1 -1 -1 20
-210 210 -58 -87 -1 0 -96 -156 145 50 100 -1 0 -108 25 126 -140 -1 40 -1 -1 112 -1 144 0 -128 -1 -1 104 0 -1 -1 -78 -1 -1 -1 -1 -1 -1 -1 -1 -1 -1 42 -64 -1 -1 -1 -1 -1
-217 217 -60 -90 -1 0 -100 -1 150 52 104 104 0 -112 26 132 -1 -1 -1 -140 -57 -1 -135 -1 0 -136 -1 -1 112 0 -1 -1 -1 -15 -1 -1 77 -1 -1 -1 -1 -42 -1 -1 -1 24 -1 -1 -1 -1
-224 224 -62 -93 60 0 -104 -162 155 -1 108 108 0 -116 27 138 -147 -1 42 -147 -1 120 -144 -1 -1 -1 -1 -1 -1 0 -1 -1 -1 -20 -1 -1 -1 -1 -1 -1 -1 -1 63 -1 -1 -1 -1 -1 -1 -1
-231 231 -64 -96 62 0 -108 -168 -1 54 112 112 0 -120 28 144 -154 0 44 -154 -60 128 -1 -1 0 -144 54 70 120 -1 -1 -64 -84 -25 -1 -1 84 -1 -1 4 -1 -1 -1 -1 -1 -1 -1 13 -1 -1
-238 238 -66 -99 64 -1 -112 -174 160 -1 116 116 0 -124 -1 150 -161 0 46 -161 -1 -1 -1 -1 -1 -152 -1 75 -1 -1 -1 -72 -1 -1 -1 -1 -1 -1 -1 -1 -1 -1 -1 -1 -1 -1 -1 -1 -1 -1
-245 245 -68 -1 66 0 -1 -180 165 56 120 120 -1 -1 29 -1 -1 0 -1 -168 -1 -1 -153 -1 -1 -160 -1 80 -1 0 -1 -1 -90 -1 -1 -27 -1 -36 -1 -1 -1 -1 72 -1 -1 -1 -1 -1 -1 -1
-252 252 -70 -102 68 0 -116 -186 170 58 124 -1 0 -128 -1 156 -1 -1 48 -175 -1 136 -162 -1 0 -168 -1 -1 128 -1 -1 -80 -1 -30 -1 -1 -1 -1 -1 -1 -1 -49 -1 -1 -1 -1 3 -1 -1 -1
-259 259 -72 -105 70 0 -120 -192 175 60 128 124 0 -132 30 162 -168 0 50 -1 -63 144 -1 152 -1 -176 -1 -1 -1 0 70 -88 -1 -1 -1 -30 -1 -45 24 -1 -1 -1 81 49 -1 -1 -1 -1 -1 -1
-266 266 -74 -108 -1 -1 -124 -198 180 62 -1 128 0 -136 31 168 -1 -1 52 -182 -66 -1 -1 -1 0 -1 -1 85 -1 0 -1 -1 -1 -1 -1 -1 91 -1 -1 -1 -1 -1 -1 -1 -1 -1 -1 -1 -1 -1
-273 273 -76 -111 72 0 -128 -204 185 64 132 132 -1 -140 32 174 -175 0 54 -1 -69 -1 -171 -1 0 -184 57 -1 -1 -1 -1 -1 -1 -35 -1 -1 -1 -1 27 -1 12 -56 -1 -1 -1 -1 -1 -1 -1 -1
-280 280 -78 -114 74 0 -132 -1 -1 66 136 136 0 -144 -1 180 -182 0 56 -1 -1 152 -1 -1 0 -1 60 -1 -1 0 -1 -1 -96 -40 40 -1 -1 -54 -1 -1 -1 -1 -1 -1 -1 -1 -1 -1 -1 -1
-287 287 -80 -117 76 0 -136 -210 190 68 140 140 0 -148 33 -1 -189 -1 58 -189 -72 -1 -180 160 0 -192 -1 90 -1 0 -1 -1 -1 -45 48 -1 -1 -63 -1 -1 -1 -1 -1 56 -1 -1 -1 -1 -1 -1
-294 294 -82 -120 -1 -1 -140 -216 195 70 144 -1 0 -152 -1 186 -196 -1 60 -1 -75 160 -189 168 -1 -200 -1 95 -1 -1 -1 -1 -1 -50 56 -1 -1 -72 30 5 -1 -1 -1 -1 -72 -1 -1 -1 -1 -1
-301 301 -84 -123 78 0 -144 -222 200 -1 148 -1 0 -156 -1 192 -1 0 62 -196 -1 168 -198 176 -1 -1 63 -1 -1 0 -1 -96 -1 -1 64 -1 -1 -1 -1 -1 -1 -1 -1 -1 -80 -1 -1 -1 -1 -1
-308 308 -86 -126 80 0 -148 -228 205 72 152 -1 -1 -160 34 198 -1 -1 64 -203 -1 176 -207 -1 0 -208 66 100 136 0 -1 -104 -1 -1 72 -33 -1 -1 -1 -1 -1 -1 -1 -1 -1 -1 -1 -1 -1 -1
-315 315 -88 -129 -1 0 -1 -234 210 74 156 144 0 -164 35 -1 -1 0 66 -210 -78 -1 -1 184 -1 -1 -1 -1 -1 -1 -1 -1 -102 -55 -1 -36 98 -1 -1 -1 -1 -1 90 -1 -1 -1 -1 -1 -1 -1
-322 322 -1 -132 82 0 -152 -240 215 -1 -1 148 0 -168 36 -1 -203 -1 68 -217 -81 184 -216 -1 -1 -1 -1 -1 144 0 75 -112 -1 -60 -1 -1 -1 -1 33 -1 -1 -1 -1 63 -1 -1 -1 -1 -1 -1
-329 329 -90 -135 84 0 -1 -1 220 76 160 -1 0 -172 37 204 -1 -1 -1 -1 -84 -1 -1 192 -1 -1 -1 105 152 0 -1 -1 -108 -1 -1 -1 -1 -1 36 6 -1 -1 -1 70 -1 -1 -1 -1 -1 -1
-336 336 -92 -138 86 0 -156 -1 225 78 -1 152 0 -176 38 210 -210 -1 70 -224 -1 -1 -1 200 0 -216 69 110 -1 0 80 -120 -1 -65 -1 -1 105 -1 39 -1 15 -1 -1 -1 -1 -1 -1 3 19 -1
-343 343 -94 -141 88 0 -160 -1 230 80 -1 -1 0 -180 39 216 -217 0 -1 -231 -1 192 -1 -1 0 -1 72 115 160 -1 -1 -1 -1 -1 80 -1 -1 -1 -1 -1 -1 -1 -1 -1 -1 -1 -1 -1 -1 -1
-350 350 -96 -144 90 0 -164 -1 235 82 164 156 0 -184 40 222 -224 0 -1 -1 -87 200 -225 -1 -1 -224 75 -1 168 -1 -1 -128 -1 -1 88 -39 -1 -1 -1 -1 -1 -63 -1 -1 -1 -1 -1 -1 -1 -1
-357 357 -98 -147 92 0 -168 -1 240 -1 168 -1 0 -188 -1 228 -231 0 72 -1 -1 208 -234 208 0 -232 78 120 176 -1 -1 -136 -114 -70 -1 -1 -1 -1 -1 7 18 -1 99 -1 -1 30 -1 -1 -1 -1
-364 364 -100 -150 94 0 -172 -246 245 84 172 160 0 -192 41 234 -238 -1 74 -1 -90 216 -243 -1 -1 -240 81 125 -1 0 85 -1 -120 -1 -1 -42 112 -1 -1 8 -1 -1 -1 -1 -88 -1 -1 -1 -1 -1
-371 371 -102 -1 96 0 -176 -252 250 -1 176 -1 0 -196 42 240 -245 0 76 -238 -93 224 -1 216 -1 -1 -1 -1 184 0 -1 -144 -126 -1 -1 -1 -1 -1 42 -1 -1 -1 -1 -1 -1 -1 -1 -1 -1 -1
-378 378 -104 -153 98 0 -1 -1 255 86 180 164 0 -200 -1 246 -1 -1 78 -245 -96 232 -252 -1 0 -1 -1 130 192 -1 -1 -1 -132 -75 -1 -45 119 -1 45 -1 -1 -1 -1 -1 -1 -1 -1 6 -1 -1
-385 385 -106 -156 100 0 -180 -258 260 -1 184 -1 0 -1 -1 252 -252 0 80 -252 -1 -1 -261 224 -1 -1 84 -1 200 -1 90 -152 -1 -1 -1 -1 -1 -1 -1 -1 -1 -1 108 -1 -1 -1 -1 -1 -1 -1
-392 392 -108 -1 102 0 -1 -1 265 88 188 168 0 -204 43 258 -1 -1 82 -1 -99 -1 -1 232 -1 -1 87 -1 -1 0 95 -1 -1 -80 96 -48 -1 -1 -1 9 21 -70 -1 -1 -1 -1 -1 -1 -1 -1
-399 399 -110 -159 104 0 -184 -264 270 90 192 172 0 -208 44 -1 -259 -1 -1 -259 -102 240 -1 240 0 -1 -1 135 208 0 -1 -1 -1 -1 -1 -1 126 -1 -1 10 24 -1 -1 -1 -1 -1 -1 -1 6 -1
-406 406 -112 -162 106 0 -188 -270 275 92 -1 176 -1 -1 45 264 -266 -1 84 -266 -105 248 -1 -1 0 -248 -1 -1 216 -1 -1 -160 -1 -1 -1 -1 -1 -1 -1 -1 -1 -1 117 -1 -1 -1 -1 -1 -1 -1
-413 413 -1 -165 108 0 -192 -276 280 94 196 180 0 -212 46 270 -273 0 -1 -273 -108 256 -1 -1 -1 -1 -1 -1 -1 -1 -1 -1 -138 -1 -1 -51 -1 -1 48 -1 -1 -77 -1 -1 -1 -1 -1 -1 -1 -1
-420 420 -114 -168 110 0 -196 -282 -1 -1 200 184 -1 -1 47 -1 -280 0 86 -1 -111 264 -1 248 0 -256 90 140 -1 -1 -1 -168 -144 -1 -1 -54 -1 -1 51 11 -1 -1 -1 77 -1 -1 -1 -1 -1 -1
-427 427 -116 -171 112 -1 -200 -288 -1 96 204 188 -1 -1 48 276 -1 0 88 -1 -1 -1 -1 -1 0 -1 93 -1 -1 0 100 -1 -150 -1 -1 -1 -1 -1 -1 -1 -1 -1 126 -1 -1 -1 -1 -1 -1 -1
-434 434 -118 -174 114 0 -204 -294 285 -1 208 192 0 -216 -1 282 -1 0 90 -280 -1 272 -270 256 -1 -1 96 -1 -1 -1 -1 -176 -1 -1 -1 -57 -1 -1 -1 -1 -1 -1 -1 -1 -1 -1 4 -1 -1 -1
-441 441 -120 -177 116 0 -208 -300 290 98 212 196 0 -1 49 288 -287 0 92 -287 -114 280 -1 264 0 -264 -1 145 -1 -1 -1 -1 -156 -85 -1 -60 -1 -81 -1 -1 -1 -1 -1 84 -1 -1 -1 -1 -1 -1
-448 448 -122 -180 -1 -1 -212 -306 295 100 216 200 -1 -220 50 294 -1 0 94 -1 -1 288 -1 -1 -1 -1 99 -1 224 -1 -1 -1 -162 -1 -1 -1 133 -1 -1 -1 -1 -1 -1 91 -96 -1 -1 -1 -1 -1
-455 455 -124 -183 118 0 -216 -312 -1 102 -1 204 0 -224 51 -1 -294 -1 -1 -294 -117 -1 -279 -1 -1 -272 102 150 -1 -1 -1 -1 -1 -90 -1 -1 -1 -90 54 -1 -1 -1 -1 -1 -1 36 -1 -1 -1 -1
-462 462 -126 -186 120 0 -220 -318 -1 104 -1 208 0 -228 52 300 -1 0 96 -301 -120 296 -1 272 0 -1 105 -1 232 -1 -1 -1 -1 -1 104 -1 140 -1 -1 12 -1 -1 -1 -1 -1 -1 -1 -1 -1 -1
-469 469 -128 -189 -1 0 -1 -324 -1 106 220 212 0 -232 -1 -1 -301 0 -1 -1 -1 304 -288 280 -1 -1 108 -1 240 -1 105 -1 -168 -1 -1 -1 -1 -99 -1 -1 27 -1 -1 -1 -1 -1 -1 -1 -1 -1
-476 476 -130 -192 122 0 -1 -330 300 108 224 -1 0 -236 53 306 -308 -1 -1 -1 -123 312 -297 -1 0 -1 -1 -1 -1 0 110 -1 -174 -1 -1 -1 147 -1 -1 -1 -1 -84 -1 -1 -1 -1 -1 -1 -1 -1
-483 483 -132 -195 124 0 -224 -336 305 -1 228 216 0 -240 54 312 -315 0 98 -308 -126 320 -306 288 -1 -280 -1 155 248 0 -1 -1 -180 -95 112 -1 -1 -1 -1 -1 30 -1 -1 -1 -1 -1 -1 -1 -1 -1
-490 490 -134 -198 126 0 -228 -1 -1 110 -1 -1 0 -244 -1 318 -322 0 100 -315 -129 328 -315 296 0 -288 111 160 -1 0 -1 -1 -186 -100 -1 -63 -1 -1 57 -1 -1 -1 -1 -1 -1 -1 -1 9 -1 -1
-497 497 -136 -201 128 0 -232 -342 310 112 232 220 0 -248 55 324 -1 -1 102 -322 -1 336 -324 304 -1 -1 114 165 256 -1 115 -184 -192 -1 -1 -1 154 -1 -1 13 -1 -1 -1 -1 -1 -1 -1 -1 -1 -1
-504 504 -138 -204 130 -1 -236 -348 315 114 236 -1 -1 -252 56 -1 -329 0 104 -329 -132 344 -333 312 0 -1 -1 170 264 -1 -1 -192 -1 -105 -1 -1 -1 -1 -1 -1 33 -1 -1 -1 -1 -1 -1 12 -1 -1
-511 511 -140 -207 132 0 -1 -354 320 116 240 224 -1 -1 -1 330 -336 0 -1 -336 -135 352 -342 320 -1 -296 117 175 -1 -1 -1 -1 -1 -1 -1 -66 -1 -1 -1 -1 36 -1 -1 -1 -1 -1 -1 -1 -1 -1
-518 518 -142 -1 134 0 -240 -360 325 118 244 -1 0 -256 57 336 -343 0 106 -343 -138 360 -1 328 0 -304 120 180 272 -1 -1 -200 -198 -110 -1 -1 -1 -1 60 -1 -1 -1 -1 -1 -104 -1 -1 -1 -1 -1
-525 525 -144 -210 136 0 -244 -1 330 120 248 228 0 -260 -1 342 -1 -1 -1 -1 -1 -1 -351 -1 -1 -312 -1 185 280 -1 120 -1 -1 -1 -1 -1 -1 -1 -1 -1 -1 -1 135 -1 -1 -1 -1 -1 -1 -1
-532 532 -146 -213 138 0 -248 -366 335 122 252 232 0 -264 -1 -1 -350 0 108 -350 -1 -1 -360 -1 -1 -1 -1 190 288 -1 125 -208 -1 -115 -1 -1 -1 -108 -1 -1 -1 -1 144 -1 -112 -1 -1 -1 12 -1
-539 539 -148 -216 140 -1 -252 -372 340 124 256 -1 0 -1 -1 -1 -1 0 110 -1 -141 368 -369 -1 0 -1 -1 195 296 0 -1 -216 -1 -1 -1 -1 161 -1 63 -1 39 -1 -1 -1 -1 42 -1 -1 -1 -1
-546 546 -150 -1 142 0 -256 -378 345 126 260 236 0 -268 58 348 -1 -1 -1 -357 -144 376 -378 336 0 -320 123 -1 304 -1 130 -1 -1 -120 120 -69 -1 -1 -1 -1 -1 -1 153 -1 -1 48 -1 -1 18 -1
-553 553 -152 -1 144 0 -260 -384 350 128 264 -1 0 -272 -1 354 -1 0 -1 -364 -1 -1 -387 -1 -1 -328 -1 200 -1 0 -1 -1 -204 -125 128 -72 -1 -1 -1 -1 42 -1 -1 -1 -1 -1 -1 -1 -1 -1
-560 560 -154 -219 146 0 -264 -390 355 -1 268 240 0 -276 59 -1 -357 0 112 -1 -1 -1 -396 344 -1 -336 -1 -1 -1 -1 135 -1 -1 -1 -1 -75 168 -1 -1 -1 -1 -1 -1 -1 -1 -1 -1 -1 -1 -1
-567 567 -156 -222 148 0 -268 -396 -1 130 272 -1 0 -280 -1 -1 -364 -1 -1 -1 -1 384 -405 352 0 -1 -1 205 -1 0 -1 -224 -1 -130 136 -1 -1 -117 -1 14 -1 -1 -1 98 -1 -1 -1 -1 -1 -1
-574 574 -158 -225 150 0 -272 -402 360 132 276 244 0 -1 60 -1 -371 0 -1 -371 -1 392 -414 360 -1 -344 -1 -1 -1 -1 140 -232 -1 -135 144 -78 -1 -1 -1 -1 -1 -91 162 -1 -120 -1 -1 -1 -1 -1
-581 581 -160 -228 152 0 -276 -408 -1 134 280 248 -1 -284 61 360 -1 0 114 -378 -147 400 -423 368 0 -1 -1 210 312 0 -1 -240 -210 -1 152 -1 -1 -126 -1 -1 45 -1 171 -1 -1 -1 -1 -1 -1 -1
-588 588 -162 -231 -1 0 -280 -414 365 136 284 252 0 -288 62 366 -378 -1 116 -1 -1 -1 -432 376 0 -352 126 215 320 -1 -1 -248 -216 -1 160 -81 -1 -135 -1 15 48 -1 180 105 -1 -1 -1 -1 -1 -1
-595 595 -164 -1 154 0 -284 -420 370 138 288 256 0 -1 63 372 -1 -1 118 -385 -150 408 -1 384 -1 -360 -1 -1 328 0 -1 -1 -1 -140 -1 -1 175 -144 -1 -1 -1 -1 -1 -1 -1 -1 -1 -1 -1 -1
-602 602 -166 -234 156 0 -288 -426 375 140 292 260 0 -1 64 -1 -385 0 120 -1 -153 -1 -441 392 -1 -368 -1 -1 336 -1 -1 -256 -222 -145 -1 -1 -1 -1 -1 -1 -1 -1 -1 -1 -1 -1 -1 -1 -1 -1
-609 609 -168 -237 158 0 -1 -432 380 142 296 264 0 -292 -1 378 -1 0 -1 -392 -156 -1 -450 -1 0 -376 -1 220 -1 -1 145 -1 -228 -1 -1 -1 182 -153 66 -1 -1 -1 -1 -1 -1 -1 -1 -1 -1 -1
-616 616 -170 -240 160 0 -292 -438 385 144 300 268 0 -296 -1 384 -392 0 122 -399 -159 416 -459 400 0 -384 -1 -1 -1 -1 150 -1 -1 -1 168 -1 189 -1 -1 -1 51 -98 -1 -1 -1 -1 5 -1 -1 -1
-623 623 -172 -243 162 0 -296 -444 390 146 304 -1 0 -300 65 -1 -399 -1 -1 -406 -162 -1 -468 -1 -1 -1 129 225 -1 -1 -1 -1 -1 -150 -1 -84 -1 -1 69 -1 -1 -1 189 -1 -1 -1 -1 -1 -1 -1
-630 630 -174 -246 164 0 -300 -450 395 148 308 272 0 -304 66 390 -406 0 -1 -1 -1 -1 -477 408 -1 -1 -1 -1 -1 -1 -1 -1 -234 -1 -1 -87 196 -1 -1 -1 -1 -1 -1 -1 -1 -1 -1 -1 24 -1
-637 637 -176 -249 166 0 -304 -456 400 150 -1 276 0 -1 67 396 -413 -1 124 -1 -1 424 -1 416 -1 -392 -1 230 344 -1 -1 -1 -1 -155 -1 -1 -1 -1 72 -1 54 -1 -1 -1 -1 -1 -1 -1 -1 -1
-644 644 -178 -252 168 0 -308 -462 -1 152 312 -1 0 -308 -1 -1 -420 -1 126 -413 -1 432 -486 424 0 -1 132 235 352 -1 -1 -1 -240 -1 -1 -90 -1 -1 -1 16 -1 -1 -1 -1 -1 -1 6 -1 -1 -1
-651 651 -180 -255 170 0 -312 -468 -1 154 316 280 0 -312 -1 402 -427 0 128 -420 -165 -1 -1 432 0 -400 135 240 -1 -1 -1 -1 -246 -1 176 -1 203 -1 -1 -1 -1 -1 -1 112 -1 -1 -1 -1 -1 -1
-658 658 -182 -258 172 0 -316 -474 405 156 320 -1 -1 -316 68 -1 -1 -1 -1 -427 -1 -1 -1 440 -1 -1 -1 245 360 -1 -1 -1 -252 -1 -1 -1 210 -1 -1 17 -1 -1 -1 -1 -1 -1 -1 -1 -1 -1
-665 665 -184 -261 174 0 -320 -480 -1 -1 324 284 0 -320 69 408 -1 0 130 -434 -168 440 -495 448 -1 -1 138 -1 -1 0 -1 -1 -1 -1 -1 -1 217 -1 -1 -1 57 -1 -1 -1 -128 -1 -1 -1 -1 -1
-672 672 -186 -264 176 0 -324 -1 410 158 -1 -1 -1 -324 -1 -1 -434 0 132 -1 -171 448 -504 456 -1 -1 -1 250 368 0 155 -264 -258 -160 -1 -1 224 -162 75 -1 -1 -1 -1 -1 -1 -1 -1 -1 -1 -1
-679 679 -188 -267 178 0 -328 -486 415 160 328 288 -1 -328 70 414 -441 0 134 -1 -1 456 -513 464 0 -408 -1 -1 -1 -1 -1 -272 -1 -1 -1 -1 -1 -171 -1 -1 -1 -1 -1 -1 -136 -1 -1 -1 -1 -1
-686 686 -190 -270 180 0 -332 -492 420 162 332 292 0 -332 71 -1 -1 0 -1 -441 -1 464 -522 -1 0 -416 141 -1 -1 0 -1 -1 -264 -1 -1 -93 -1 -180 -1 -1 -1 -1 -1 -1 -1 -1 -1 -1 -1 -1
-693 693 -192 -273 -1 -1 -336 -498 425 -1 336 296 0 -336 72 420 -1 0 -1 -448 -174 472 -1 472 0 -424 -1 -1 -1 -1 160 -1 -270 -165 -1 -1 231 -1 -1 -1 -1 -1 198 -1 -1 -1 -1 -1 -1 -1
-700 700 -194 -276 182 0 -340 -504 430 164 -1 300 -1 -340 -1 -1 -448 0 136 -455 -177 480 -1 480 -1 -1 -1 -1 -1 0 -1 -1 -276 -1 184 -1 -1 -1 -1 -1 -1 -1 207 119 -1 -1 -1 -1 -1 -1
-707 707 -196 -279 184 -1 -344 -510 435 -1 340 304 0 -344 73 -1 -455 -1 138 -1 -1 488 -531 488 0 -432 144 255 376 -1 -1 -280 -1 -1 192 -1 238 -1 -1 -1 -1 -1 -1 -1 -1 -1 -1 -1 -1 -1
-714 714 -198 -1 186 0 -348 -516 440 166 344 308 0 -348 -1 -1 -1 0 140 -462 -1 496 -1 496 0 -440 147 -1 -1 0 -1 -1 -282 -1 200 -1 -1 -1 -1 -1 -1 -1 -1 126 -1 -1 -1 -1 -1 -1
-721 721 -200 -282 188 0 -352 -522 445 168 348 312 -1 -352 74 426 -462 -1 142 -469 -180 -1 -540 -1 0 -448 -1 -1 384 -1 165 -1 -1 -170 -1 -96 245 -1 -1 18 -1 -1 216 -1 -1 -1 -1 -1 -1 -1
-728 728 -1 -285 190 0 -356 -528 450 170 352 316 0 -1 75 432 -469 0 144 -476 -1 504 -549 504 -1 -456 -1 260 -1 0 -1 -1 -1 -1 208 -99 252 -1 78 19 -1 -1 -1 -1 -1 -1 -1 -1 -1 -1
-735 735 -202 -288 192 0 -360 -534 455 172 356 320 0 -356 -1 438 -1 -1 146 -483 -183 -1 -1 512 0 -1 150 -1 -1 0 -1 -1 -1 -175 -1 -1 -1 -189 -1 20 -1 -105 -1 -1 -1 -1 -1 -1 -1 -1
-742 -1 -204 -291 194 0 -364 -540 460 174 360 -1 -1 -360 76 444 -1 0 148 -490 -186 512 -558 -1 0 -1 153 -1 392 0 -1 -288 -288 -1 -1 -1 -1 -1 -1 21 -1 -112 225 -1 -1 -1 -1 -1 -1 -1
-749 742 -206 -294 196 0 -1 -546 -1 -1 364 -1 0 -364 -1 450 -476 0 150 -497 -1 520 -1 520 -1 -464 -1 265 400 -1 170 -1 -1 -180 -1 -1 -1 -1 81 -1 -1 -119 -1 -1 -1 -1 -1 -1 30 -1
-756 749 -208 -297 198 0 -368 -552 -1 -1 368 324 0 -1 77 456 -1 -1 152 -504 -189 528 -567 528 -1 -1 156 270 -1 -1 175 -296 -1 -185 216 -1 -1 -1 84 -1 -1 -126 -1 133 -1 -1 -1 -1 -1 -1
-763 756 -210 -300 200 0 -372 -558 465 176 372 328 0 -1 78 462 -1 -1 154 -1 -192 -1 -576 -1 -1 -472 159 -1 408 -1 180 -1 -1 -1 -1 -1 259 -1 87 -1 -1 -1 -1 -1 -1 -1 -1 -1 -1 -1
-770 763 -212 -303 202 0 -376 -564 -1 178 376 332 0 -1 79 -1 -1 -1 -1 -511 -195 -1 -1 536 -1 -480 162 275 -1 -1 -1 -304 -1 -1 224 -102 -1 -1 90 -1 -1 -133 -1 140 -1 -1 -1 -1 -1 -1
-777 770 -214 -306 -1 -1 -380 -1 -1 180 380 336 0 -1 -1 468 -1 0 -1 -518 -1 -1 -585 544 0 -488 165 -1 -1 -1 185 -1 -1 -190 232 -1 266 -198 -1 -1 -1 -140 -1 -1 -1 -1 -1 -1 -1 -1
-784 777 -216 -1 204 0 -384 -570 470 182 384 -1 0 -368 80 474 -483 0 156 -525 -198 536 -594 -1 -1 -496 168 280 -1 0 190 -1 -294 -1 -1 -1 -1 -1 93 -1 -1 -1 234 -1 -1 -1 7 -1 -1 -1
-791 784 -218 -309 206 0 -388 -576 -1 184 388 340 0 -1 81 -1 -490 0 158 -532 -201 -1 -603 552 0 -1 -1 285 416 0 -1 -312 -1 -1 -1 -1 -1 -207 -1 22 -1 -1 -1 -1 -1 -1 -1 -1 -1 -1
-798 791 -220 -312 208 0 -392 -1 475 186 392 344 0 -1 82 480 -497 -1 -1 -539 -204 -1 -612 560 -1 -1 -1 290 424 0 195 -1 -300 -1 240 -1 -1 -1 -1 -1 -1 -1 -1 147 -1 -1 -1 -1 -1 -1
-805 798 -222 -315 210 0 -396 -582 -1 -1 396 348 0 -1 83 486 -1 -1 160 -546 -207 544 -621 -1 0 -1 -1 295 432 0 -1 -1 -1 -1 -1 -1 -1 -1 -1 -1 -1 -1 -1 -1 -1 54 8 -1 -1 -1
-812 805 -224 -318 212 0 -400 -588 480 188 400 352 0 -372 -1 492 -504 -1 162 -553 -1 552 -630 -1 0 -1 -1 -1 -1 0 -1 -1 -306 -1 248 -1 -1 -216 -1 23 -1 -1 -1 -1 -1 -1 -1 -1 -1 -1
-819 812 -226 -321 214 -1 -404 -594 485 190 -1 356 0 -376 -1 498 -511 0 164 -560 -1 -1 -639 -1 0 -504 171 -1 -1 -1 -1 -320 -312 -1 256 -1 -1 -1 -1 -1 -1 -1 -1 -1 -1 -1 -1 -1 -1 -1
-826 819 -228 -324 216 -1 -408 -600 490 -1 -1 -1 0 -1 84 -1 -518 -1 166 -567 -210 560 -648 568 0 -1 174 300 -1 -1 200 -328 -318 -195 -1 -1 -1 -1 96 -1 60 -1 -1 154 -1 -1 9 -1 -1 -1
-833 826 -230 -1 218 0 -412 -606 495 192 404 360 0 -1 85 -1 -525 -1 -1 -1 -1 -1 -1 -1 0 -1 -1 305 440 -1 205 -1 -1 -1 264 -105 -1 -225 -1 -1 -1 -1 -1 -1 -1 -1 -1 -1 -1 -1
-840 833 -232 -1 220 0 -416 -612 -1 -1 408 364 0 -1 86 -1 -1 0 168 -574 -213 568 -657 576 0 -512 -1 -1 -1 -1 -1 -336 -1 -200 272 -1 -1 -234 -1 24 -1 -1 -1 -1 -1 -1 -1 15 -1 -1
-847 840 -1 -327 222 0 -420 -618 500 194 412 368 0 -380 87 -1 -532 0 170 -1 -216 576 -1 -1 0 -520 -1 -1 448 0 -1 -1 -1 -1 280 -1 273 -1 -1 -1 -1 -1 -1 -1 -1 -1 -1 -1 -1 -1
-854 847 -234 -330 224 0 -424 -1 505 196 416 -1 -1 -384 88 504 -539 -1 -1 -1 -219 -1 -1 584 0 -1 177 -1 456 0 -1 -1 -1 -205 -1 -108 -1 -1 -1 -1 -1 -147 243 -1 -1 -1 -1 -1 -1 -1
-861 854 -236 -333 226 0 -428 -624 510 198 420 372 0 -1 89 -1 -546 0 172 -1 -1 -1 -666 592 -1 -1 -1 310 464 -1 210 -1 -324 -210 288 -1 280 -1 -1 -1 -1 -154 -1 -1 -1 -1 10 -1 -1 -1
-868 861 -238 -336 228 0 -432 -630 515 200 424 376 0 -388 90 510 -553 0 -1 -1 -1 584 -675 -1 0 -1 180 -1 -1 0 -1 -344 -1 -1 296 -1 -1 -1 -1 -1 -1 -161 -1 -1 -1 -1 -1 -1 -1 -1
-875 868 -240 -339 230 0 -436 -636 520 202 428 -1 -1 -392 91 -1 -560 -1 174 -581 -1 592 -1 600 0 -1 183 -1 -1 0 215 -1 -1 -1 -1 -111 -1 -1 99 -1 -1 -1 252 -1 -1 -1 -1 -1 -1 -1
-882 875 -242 -342 232 0 -440 -642 525 204 432 380 0 -396 92 516 -567 -1 -1 -588 -1 600 -684 608 -1 -1 186 -1 -1 -1 -1 -1 -1 -1 -1 -114 287 -1 102 -1 -1 -1 -1 161 -1 -1 -1 -1 -1 -1
-889 882 -244 -345 234 0 -444 -648 530 206 436 384 0 -1 93 -1 -574 0 176 -595 -222 608 -693 616 0 -1 189 315 472 -1 220 -1 -1 -1 304 -1 294 -1 -1 25 -1 -1 -1 -1 -1 -1 -1 18 -1 -1
-896 889 -246 -348 236 0 -448 -654 535 208 440 388 -1 -400 94 -1 -581 0 178 -1 -1 616 -702 -1 -1 -1 -1 -1 -1 -1 -1 -352 -330 -215 312 -1 -1 -1 -1 26 -1 -1 -1 -1 -1 -1 -1 -1 -1 -1
-903 896 -248 -351 238 0 -452 -1 540 210 444 392 0 -404 95 -1 -588 0 180 -1 -1 -1 -711 624 0 -528 -1 -1 -1 -1 225 -1 -336 -1 -1 -1 301 -1 -1 -1 -1 -1 -1 -1 -1 -1 -1 -1 -1 -1
-910 903 -250 -354 -1 0 -456 -660 545 212 448 396 0 -408 -1 522 -595 -1 182 -1 -1 -1 -1 632 0 -1 -1 -1 -1 -1 -1 -1 -342 -1 -1 -1 -1 -1 -1 -1 63 -1 -1 -1 -1 60 -1 -1 -1 -1
-917 910 -252 -357 240 0 -460 -666 550 214 452 -1 0 -1 96 528 -1 0 -1 -602 -1 -1 -720 640 -1 -536 -1 -1 480 0 230 -360 -348 -220 -1 -1 308 -1 105 -1 -1 -1 -1 -1 -1 -1 -1 -1 -1 -1
-924 917 -254 -360 242 0 -464 -672 555 216 456 400 0 -412 97 534 -602 0 184 -1 -225 624 -729 -1 0 -544 -1 -1 488 -1 235 -1 -1 -1 -1 -1 -1 -243 -1 -1 66 -1 -1 168 -1 -1 -1 -1 -1 -1
-931 924 -256 -363 244 0 -468 -1 560 218 460 -1 0 -416 98 540 -609 0 186 -609 -1 632 -1 648 0 -1 192 320 496 -1 -1 -1 -354 -225 320 -117 -1 -252 108 -1 -1 -1 -1 -1 -1 -1 -1 -1 -1 -1
-938 931 -1 -366 246 0 -472 -678 565 220 -1 404 0 -420 99 546 -616 0 -1 -616 -228 640 -1 -1 -1 -552 -1 325 504 0 240 -1 -1 -1 -1 -120 -1 -261 -1 -1 -1 -168 -1 -1 -1 -1 -1 -1 -1 -1
-945 938 -258 -369 248 0 -476 -684 570 -1 -1 408 0 -424 100 552 -623 -1 188 -623 -1 648 -1 -1 -1 -560 -1 330 -1 0 -1 -368 -1 -1 328 -1 315 -270 -1 -1 -1 -1 261 -1 -1 -1 -1 -1 -1 -1
-952 945 -260 -372 250 -1 -480 -690 575 222 464 412 -1 -1 101 558 -1 0 190 -630 -231 656 -738 656 0 -1 195 335 512 -1 -1 -376 -1 -230 -1 -123 -1 -279 -1 27 69 -1 270 -1 -1 -1 -1 21 -1 -1
-959 952 -262 -375 252 0 -484 -696 -1 224 468 416 0 -428 102 -1 -1 0 -1 -1 -234 664 -1 664 -1 -1 -1 340 520 -1 -1 -1 -360 -235 -1 -1 -1 -1 111 -1 -1 -1 -1 -1 -1 -1 -1 -1 -1 -1
-966 959 -264 -378 254 -1 -488 -702 -1 226 -1 420 0 -432 103 -1 -630 0 -1 -637 -237 672 -747 672 -1 -568 198 -1 528 -1 -1 -1 -1 -240 -1 -1 -1 -1 -1 -1 -1 -1 279 -1 -1 -1 11 -1 -1 -1
-973 966 -266 -381 256 0 -492 -708 580 228 472 424 0 -1 -1 564 -637 0 -1 -1 -240 -1 -756 -1 0 -1 201 345 536 -1 -1 -1 -1 -1 -1 -1 -1 -1 -1 -1 -1 -1 -1 -1 -1 -1 12 -1 -1 -1
-980 973 -268 -384 258 0 -496 -714 585 230 476 428 0 -436 104 -1 -644 0 192 -644 -243 -1 -765 680 -1 -1 -1 -1 544 -1 -1 -1 -1 -245 -1 -126 -1 -1 -1 -1 -1 -1 -1 -1 -1 66 -1 -1 -1 -1
-987 980 -270 -387 260 0 -500 -720 -1 232 -1 432 -1 -1 105 570 -651 0 194 -651 -246 -1 -1 688 -1 -576 204 -1 -1 -1 -1 -384 -366 -1 336 -1 -1 -1 -1 -1 -1 -1 -1 -1 -1 -1 13 -1 -1 -1
-994 987 -272 -390 262 0 -504 -726 590 234 -1 436 0 -440 106 576 -658 0 -1 -658 -249 -1 -774 -1 0 -1 207 -1 -1 -1 245 -392 -372 -1 -1 -129 322 -1 -1 28 -1 -1 -1 -1 -1 -1 -1 -1 -1 -1
-1001 994 -274 -393 264 0 -508 -732 595 236 480 440 -1 -1 -1 582 -1 0 196 -665 -1 680 -1 696 0 -1 -1 -1 552 0 -1 -1 -1 -250 -1 -132 -1 -1 114 -1 72 -1 -1 -1 -1 -1 -1 -1 -1 -1
-1008 1001 -276 -396 266 0 -512 -738 600 -1 484 444 0 -1 -1 -1 -1 0 198 -672 -1 688 -783 704 -1 -584 -1 350 -1 -1 250 -1 -1 -255 -1 -135 -1 -1 -1 29 -1 -1 288 175 -1 -1 -1 -1 -1 -1
-1015 1008 -278 -399 268 0 -516 -744 605 238 488 448 0 -444 107 588 -1 0 200 -1 -252 696 -1 712 0 -1 -1 -1 -1 0 -1 -1 -1 -260 344 -1 -1 -1 -1 -1 -1 -1 297 182 -1 -1 -1 -1 -1 -1
-1022 1015 -280 -402 270 0 -520 -750 -1 240 492 452 0 -448 -1 -1 -1 -1 202 -1 -255 704 -1 720 0 -592 -1 -1 -1 -1 255 -1 -378 -1 -1 -1 -1 -1 -1 -1 -1 -175 -1 -1 -1 -1 14 -1 -1 -1
-1029 1022 -282 -405 272 0 -1 -756 610 242 -1 456 -1 -452 108 -1 -1 -1 204 -679 -258 712 -1 -1 -1 -1 -1 355 -1 -1 260 -1 -1 -1 352 -1 -1 -288 -1 30 75 -182 -1 -1 -1 -1 -1 -1 -1 -1
-1036 1029 -284 -408 274 0 -524 -762 615 244 496 460 -1 -456 109 594 -665 0 206 -686 -261 -1 -1 -1 0 -600 -1 360 -1 -1 -1 -1 -1 -1 -1 -138 -1 -1 117 -1 78 -1 -1 -1 -1 72 -1 -1 -1 -1
-1043 1036 -286 -411 276 0 -528 -768 620 246 500 464 0 -1 -1 600 -1 -1 208 -1 -1 -1 -792 -1 -1 -1 210 365 560 -1 265 -400 -384 -1 -1 -141 -1 -1 -1 -1 -1 -1 -1 -1 -1 -1 -1 -1 -1 -1
-1050 1043 -288 -414 278 0 -532 -774 625 248 504 -1 0 -460 110 606 -1 -1 -1 -1 -1 720 -801 -1 -1 -1 213 -1 568 0 -1 -1 -390 -1 -1 -1 -1 -297 120 31 81 -1 -1 -1 -144 -1 -1 -1 -1 -1
-1057 1050 -1 -1 280 0 -536 -780 630 -1 508 468 0 -1 -1 612 -1 0 210 -693 -1 728 -1 728 -1 -608 -1 370 576 0 -1 -1 -1 -1 -1 -1 -1 -1 123 32 -1 -1 -1 -1 -1 -1 -1 -1 -1 -1
-1064 1057 -290 -417 282 0 -540 -786 635 -1 512 472 0 -464 111 618 -672 0 212 -1 -264 -1 -810 736 -1 -616 -1 375 -1 0 270 -408 -396 -1 360 -1 -1 -306 -1 -1 -1 -1 -1 -1 -1 -1 -1 -1 36 -1
-1071 1064 -292 -420 -1 0 -544 -792 640 250 516 -1 0 -1 112 624 -679 0 214 -700 -267 736 -1 -1 0 -1 216 -1 -1 0 -1 -416 -1 -1 368 -1 329 -1 -1 -1 -1 -189 -1 189 -1 78 -1 -1 -1 -1
-1078 1071 -294 -423 284 0 -548 -798 645 252 -1 476 0 -468 113 630 -686 -1 216 -707 -270 -1 -819 744 -1 -1 -1 -1 584 0 -1 -424 -402 -1 376 -144 -1 -1 -1 33 -1 -196 -1 -1 -1 -1 -1 -1 -1 -1
-1085 1078 -296 -426 -1 0 -552 -804 650 254 -1 480 0 -472 -1 636 -1 -1 -1 -714 -273 -1 -828 -1 -1 -624 219 -1 -1 0 -1 -1 -408 -1 384 -1 -1 -1 126 -1 84 -1 -1 -1 -1 -1 -1 -1 -1 -1
-1092 1085 -298 -429 286 0 -556 -810 655 256 520 484 -1 -476 114 642 -1 0 218 -721 -1 744 -1 -1 0 -632 -1 -1 592 -1 -1 -1 -1 -265 -1 -147 -1 -1 -1 34 -1 -1 -1 196 -1 -1 -1 -1 -1 -1
-1099 1092 -1 -432 288 0 -560 -816 660 258 524 -1 -1 -480 -1 648 -693 0 220 -728 -276 -1 -837 -1 -1 -640 222 -1 600 -1 275 -432 -1 -1 -1 -1 -1 -1 -1 -1 -1 -1 -1 -1 -1 -1 -1 -1 -1 -1
-1106 1099 -300 -1 290 0 -564 -1 665 260 528 488 0 -484 115 654 -700 -1 222 -1 -279 752 -1 -1 0 -648 225 380 608 -1 -1 -440 -414 -270 392 -150 -1 -315 -1 -1 -1 -1 -1 203 -1 -1 -1 -1 -1 -1
-1113 1106 -302 -435 292 0 -568 -822 670 262 532 492 -1 -488 116 -1 -707 0 224 -735 -282 -1 -846 752 -1 -656 -1 -1 -1 -1 -1 -1 -1 -275 -1 -1 -1 -1 -1 35 -1 -1 306 -1 -1 84 15 -1 -1 -1
-1120 1113 -304 -438 294 0 -572 -828 675 -1 536 496 0 -492 117 660 -714 -1 -1 -742 -1 760 -855 -1 -1 -1 -1 385 616 -1 -1 -1 -1 -1 -1 -1 -1 -1 129 -1 -1 -1 -1 -1 -1 -1 16 -1 -1 -1
-1127 1120 -306 -441 296 0 -576 -834 -1 264 540 500 0 -496 -1 666 -721 0 -1 -749 -285 -1 -864 760 -1 -664 -1 390 -1 0 280 -1 -1 -280 -1 -1 -1 -1 -1 -1 -1 -1 -1 -1 -1 -1 -1 -1 -1 -1
-1134 1127 -308 -444 298 0 -1 -840 680 266 -1 504 0 -500 118 -1 -728 0 226 -756 -1 -1 -873 -1 -1 -1 228 -1 -1 -1 -1 -1 -1 -1 400 -153 336 -324 -1 -1 -1 -203 -1 -1 -1 -1 -1 -1 -1 -1
-1141 1134 -310 -447 300 0 -1 -846 685 268 -1 508 -1 -504 -1 672 -1 0 228 -763 -288 768 -1 768 0 -672 231 395 624 -1 -1 -1 -420 -1 -1 -1 -1 -1 -1 -1 -1 -210 -1 -1 -152 -1 -1 -1 -1 -1
-1148 1141 -312 -450 302 0 -1 -852 690 270 -1 512 0 -508 119 678 -1 0 230 -770 -291 -1 -1 -1 0 -1 234 400 -1 -1 285 -448 -1 -1 -1 -1 -1 -1 132 36 -1 -1 -1 -1 -160 -1 -1 -1 -1 6
-1155 1148 -314 -453 304 0 -580 -858 695 272 544 516 0 -512 120 684 -735 0 -1 -777 -294 -1 -882 -1 0 -1 237 -1 -1 -1 -1 -1 -1 -285 -1 -1 343 -1 -1 37 87 -1 315 -1 -1 -1 -1 24 -1 -1
-1162 1155 -316 -456 306 0 -584 -864 700 274 -1 520 -1 -516 121 690 -742 0 232 -784 -297 776 -1 -1 -1 -1 240 -1 -1 -1 -1 -456 -1 -1 408 -156 350 -1 -1 -1 -1 -1 -1 -1 -168 -1 -1 27 -1 -1
-1169 1162 -318 -459 308 0 -588 -870 705 -1 548 -1 0 -520 -1 696 -749 0 234 -791 -300 784 -891 -1 -1 -1 -1 405 -1 -1 -1 -1 -1 -1 -1 -1 -1 -1 135 -1 -1 -217 -1 -1 -1 -1 -1 -1 -1 -1
-1176 1169 -320 -462 310 0 -592 -876 710 276 552 524 0 -524 122 -1 -756 -1 236 -1 -303 -1 -900 776 0 -1 243 -1 -1 -1 -1 -464 -1 -290 416 -159 -1 -1 -1 -1 -1 -224 -1 -1 -1 90 -1 -1 -1 12
-1183 1176 -322 -465 312 0 -596 -882 715 278 -1 528 -1 -528 123 702 -763 0 238 -1 -1 792 -909 -1 -1 -680 246 410 632 -1 -1 -472 -1 -295 424 -1 357 -333 -1 -1 -1 -231 -1 -1 -1 -1 -1 -1 -1 -1
-1190 1183 -324 -468 314 0 -600 -888 720 -1 -1 532 0 -532 -1 708 -770 0 -1 -798 -1 800 -918 784 0 -688 249 -1 -1 0 -1 -1 -1 -1 -1 -162 364 -1 -1 -1 -1 -238 324 -1 -1 -1 -1 -1 -1 -1
-1197 1190 -326 -471 316 0 -604 -894 725 280 556 536 0 -1 -1 714 -777 -1 -1 -1 -1 808 -1 792 -1 -1 252 -1 -1 0 -1 -480 -426 -1 -1 -1 371 -1 -1 38 -1 -1 -1 -1 -1 -1 -1 -1 -1 -1
-1204 1197 -328 -474 318 -1 -608 -900 -1 -1 560 540 0 -536 124 -1 -784 0 -1 -1 -1 -1 -927 800 0 -1 255 415 640 -1 -1 -1 -1 -1 432 -1 -1 -342 138 -1 -1 -245 -1 -1 -1 -1 17 -1 -1 -1
-1211 1204 -330 -477 320 -1 -612 -1 730 282 564 544 0 -1 -1 -1 -1 -1 240 -805 -1 -1 -1 808 0 -1 -1 -1 -1 -1 -1 -1 -1 -1 440 -1 -1 -351 -1 -1 90 -1 -1 210 -1 -1 -1 -1 -1 -1
-1218 1211 -332 -480 322 0 -616 -906 -1 284 -1 548 -1 -540 125 -1 -1 0 -1 -812 -1 816 -936 -1 0 -1 258 420 648 -1 290 -1 -1 -1 448 -1 -1 -1 -1 -1 -1 -252 -1 -1 -1 -1 -1 30 -1 -1
-1225 -1 -1 -483 324 -1 -620 -912 735 286 568 552 -1 -544 -1 -1 -791 -1 242 -819 -1 824 -1 -1 -1 -1 261 -1 -1 -1 295 -488 -432 -1 -1 -165 -1 -360 -1 39 -1 -1 -1 -1 -1 -1 -1 -1 -1 -1
-1232 1218 -334 -486 326 0 -624 -918 740 288 572 556 0 -1 126 720 -1 0 -1 -1 -306 832 -945 816 0 -696 264 425 -1 -1 -1 -1 -438 -1 456 -1 -1 -1 -1 40 93 -1 -1 -1 -1 -1 -1 33 -1 -1
-1239 1225 -336 -489 328 0 -628 -924 745 290 576 -1 -1 -1 -1 -1 -1 0 -1 -826 -309 840 -1 824 -1 -704 -1 -1 656 -1 -1 -1 -1 -1 464 -1 -1 -1 -1 -1 -1 -1 333 -1 -1 -1 -1 -1 -1 -1
-1246 1232 -338 -492 330 0 -632 -930 750 292 580 560 0 -548 127 726 -1 0 244 -1 -1 848 -954 -1 0 -712 -1 430 -1 0 300 -1 -444 -1 -1 -1 -1 -1 -1 -1 -1 -1 -1 -1 -1 96 -1 -1 42 -1
-1253 1239 -340 -495 332 -1 -636 -936 755 294 584 564 0 -552 -1 732 -1 0 246 -1 -312 856 -963 832 -1 -1 267 -1 -1 -1 305 -1 -1 -300 -1 -168 -1 -369 141 -1 -1 -259 -1 -1 -1 -1 -1 -1 -1 -1
-1260 1246 -342 -498 334 0 -640 -942 760 -1 588 568 0 -1 128 -1 -798 0 248 -833 -315 864 -972 -1 -1 -720 -1 -1 664 -1 -1 -496 -1 -1 -1 -1 -1 -1 -1 -1 -1 -1 342 -1 -1 -1 -1 -1 -1 -1
-1267 1253 -344 -501 336 0 -644 -948 765 296 592 572 0 -556 -1 738 -805 -1 250 -1 -318 872 -981 -1 0 -728 -1 -1 -1 -1 310 -1 -1 -1 -1 -171 -1 -1 -1 -1 -1 -1 -1 -1 -1 102 -1 -1 -1 -1
-1274 1260 -346 -504 338 0 -648 -954 770 298 596 576 0 -560 129 744 -812 0 -1 -1 -1 -1 -1 840 0 -736 270 -1 -1 -1 315 -504 -1 -1 -1 -1 -1 -1 -1 -1 -1 -1 -1 -1 -1 -1 -1 -1 -1 -1
-1281 1267 -348 -507 340 0 -1 -960 775 300 600 580 -1 -564 130 750 -819 0 -1 -840 -321 880 -990 848 -1 -744 -1 -1 -1 0 -1 -1 -1 -305 -1 -1 -1 -1 -1 -1 -1 -1 -1 -1 -1 -1 -1 -1 -1 -1
-1288 1274 -350 -510 342 0 -652 -966 780 -1 -1 584 -1 -568 131 756 -1 0 -1 -847 -324 -1 -999 -1 -1 -752 -1 -1 672 -1 -1 -1 -450 -310 -1 -1 -1 -1 -1 -1 -1 -1 -1 -1 -176 -1 -1 -1 48 -1
-1295 1281 -352 -513 344 0 -1 -972 785 302 604 588 0 -572 132 762 -1 0 252 -854 -327 888 -1 856 -1 -1 273 -1 -1 -1 320 -512 -1 -315 -1 -174 -1 -1 -1 -1 96 -1 351 -1 -1 108 -1 -1 -1 -1
-1302 1288 -354 -516 -1 0 -656 -978 790 304 -1 592 -1 -576 133 768 -1 -1 254 -1 -330 896 -1 -1 0 -760 -1 -1 -1 0 -1 -1 -1 -1 472 -177 -1 -1 -1 41 -1 -1 -1 -1 -1 -1 -1 -1 -1 -1
-1309 1295 -356 -519 346 0 -660 -984 795 306 -1 -1 0 -580 -1 -1 -826 0 -1 -1 -333 904 -1008 -1 0 -1 276 435 -1 -1 -1 -1 -1 -1 -1 -1 378 -378 -1 -1 -1 -1 -1 -1 -1 114 -1 -1 -1 -1
-1316 1302 -358 -522 348 0 -664 -990 800 308 -1 596 0 -1 134 774 -1 0 -1 -1 -336 912 -1 864 -1 -1 279 -1 680 -1 325 -520 -1 -1 480 -1 -1 -1 144 -1 -1 -1 -1 -1 -1 -1 -1 -1 -1 -1
-1323 1309 -360 -525 350 -1 -1 -996 805 310 608 600 0 -584 -1 780 -833 -1 256 -861 -1 920 -1 -1 -1 -768 -1 440 688 -1 -1 -1 -1 -1 488 -1 385 -387 -1 -1 -1 -266 360 -1 -1 -1 -1 -1 -1 -1
-1330 1316 -362 -528 352 0 -668 -1002 810 312 612 -1 -1 -588 135 786 -1 -1 -1 -1 -339 928 -1 872 -1 -776 -1 -1 696 0 -1 -1 -456 -320 -1 -1 -1 -1 -1 -1 -1 -1 -1 -1 -1 -1 -1 -1 -1 18
-1337 1323 -364 -1 354 0 -672 -1 815 314 616 604 0 -592 136 792 -840 -1 -1 -868 -1 936 -1017 880 -1 -784 -1 -1 -1 -1 330 -528 -462 -1 496 -1 -1 -1 -1 -1 -1 -1 -1 -1 -184 -1 -1 -1 -1 -1
-1344 1330 -366 -531 356 0 -676 -1008 820 316 620 608 -1 -596 137 798 -847 0 -1 -1 -1 944 -1026 -1 -1 -1 282 445 704 -1 -1 -1 -1 -1 504 -180 -1 -1 -1 -1 -1 -273 -1 -1 -1 -1 -1 -1 -1 -1
-1351 -1 -368 -534 358 -1 -680 -1014 825 318 624 612 -1 -600 -1 804 -1 -1 258 -875 -1 952 -1 888 0 -792 -1 -1 -1 0 -1 -1 -468 -1 512 -183 -1 -1 -1 -1 -1 -1 -1 -1 -1 -1 -1 -1 -1 -1
-1358 1337 -370 -537 360 0 -684 -1020 830 320 -1 616 0 -604 -1 810 -1 0 260 -1 -342 960 -1035 896 -1 -1 -1 -1 -1 0 -1 -536 -1 -1 -1 -1 -1 -1 147 42 -1 -1 -1 -1 -1 120 -1 -1 -1 -1
-1365 1344 -372 -1 362 -1 -688 -1026 835 322 628 -1 0 -1 138 -1 -854 0 262 -882 -1 -1 -1 -1 -1 -1 -1 -1 712 0 335 -544 -474 -1 -1 -1 -1 -1 -1 -1 99 -280 -1 -1 -1 -1 -1 -1 -1 -1
-1372 1351 -374 -540 364 0 -692 -1032 -1 324 632 620 -1 -608 139 816 -1 0 264 -889 -345 968 -1 -1 0 -1 285 -1 720 0 340 -1 -480 -1 -1 -1 392 -1 150 -1 -1 -1 -1 -1 -1 -1 -1 -1 54 -1
-1379 1358 -376 -543 366 -1 -696 -1038 840 326 -1 -1 -1 -612 140 -1 -861 0 -1 -896 -1 -1 -1044 904 -1 -1 -1 -1 -1 -1 -1 -552 -486 -325 -1 -1 -1 -396 -1 -1 -1 -1 -1 -1 -192 -1 -1 -1 -1 -1
-1386 1365 -378 -546 368 0 -700 -1044 845 -1 -1 624 0 -1 141 822 -868 0 266 -903 -1 -1 -1 -1 0 -1 -1 450 -1 0 -1 -560 -1 -1 -1 -1 399 -1 -1 43 -1 -1 -1 -1 -200 -1 -1 -1 -1 -1
-1393 1372 -380 -549 370 0 -704 -1050 850 328 -1 628 0 -616 142 828 -875 0 -1 -910 -348 -1 -1 -1 -1 -1 -1 455 728 0 -1 -1 -492 -1 520 -1 406 -1 153 -1 -1 -1 -1 -1 -1 -1 -1 -1 -1 -1
-1400 1379 -382 -552 372 0 -708 -1056 855 330 636 -1 -1 -620 143 834 -882 0 268 -917 -1 976 -1 912 0 -800 288 -1 736 -1 -1 -568 -1 -1 -1 -1 -1 -1 -1 -1 -1 -1 -1 -1 -1 126 -1 -1 -1 -1
-1407 1386 -384 -555 -1 0 -712 -1062 860 -1 640 632 0 -624 144 840 -1 -1 -1 -924 -351 984 -1053 -1 0 -808 291 -1 744 0 -1 -1 -498 -330 -1 -1 -1 -1 -1 -1 -1 -1 369 217 -1 -1 -1 36 -1 -1
-1414 1393 -386 -558 374 0 -716 -1068 865 332 644 636 0 -628 -1 -1 -1 0 -1 -931 -354 992 -1 -1 0 -1 -1 460 -1 0 345 -576 -1 -1 528 -1 413 -1 -1 -1 102 -1 -1 -1 -1 132 -1 -1 -1 -1
-1421 1400 -388 -561 376 0 -720 -1 870 334 648 -1 0 -632 145 -1 -889 0 -1 -938 -357 1000 -1 920 -1 -1 -1 465 -1 -1 -1 -1 -1 -1 -1 -1 -1 -1 -1 -1 -1 -1 -1 -1 -1 -1 -1 -1 -1 24
-1428 1407 -390 -564 378 0 -724 -1074 -1 336 652 640 -1 -1 146 846 -896 -1 270 -945 -360 1008 -1 -1 -1 -1 -1 470 -1 -1 350 -1 -504 -335 -1 -1 -1 -1 -1 -1 -1 -1 378 -1 -1 -1 -1 -1 -1 -1
-1435 1414 -392 -567 380 0 -728 -1 875 338 656 644 0 -636 147 852 -903 -1 -1 -952 -363 -1 -1062 928 0 -816 294 -1 -1 -1 -1 -1 -1 -1 -1 -186 -1 -405 156 -1 -1 -1 -1 -1 -1 -1 -1 -1 -1 -1
-1442 1421 -394 -570 382 0 -732 -1080 880 340 660 648 0 -640 -1 858 -910 -1 -1 -959 -1 1016 -1 936 0 -1 -1 -1 -1 -1 -1 -1 -510 -1 536 -189 -1 -1 159 -1 -1 -1 -1 -1 -1 138 -1 -1 -1 -1
-1449 1428 -396 -573 384 0 -736 -1 885 342 664 652 0 -1 148 864 -917 0 -1 -1 -366 1024 -1071 944 -1 -1 297 -1 752 -1 355 -1 -1 -340 -1 -1 -1 -414 162 -1 -1 -1 -1 -1 -1 -1 18 -1 -1 -1
-1456 1435 -398 -576 386 0 -1 -1086 890 -1 668 -1 0 -644 149 870 -1 0 272 -966 -369 1032 -1080 -1 -1 -1 -1 475 760 0 -1 -1 -1 -345 544 -192 420 -1 -1 -1 -1 -1 -1 -1 -1 -1 -1 -1 -1 -1
-1463 1442 -400 -579 388 0 -740 -1092 895 344 672 656 0 -648 -1 876 -924 0 274 -1 -372 1040 -1 -1 -1 -1 300 480 -1 -1 -1 -584 -1 -1 -1 -1 -1 -1 -1 -1 105 -1 -1 -1 -1 -1 -1 -1 -1 -1
-1470 1449 -402 -582 390 0 -744 -1098 900 346 676 -1 0 -652 150 -1 -931 0 276 -973 -1 -1 -1 -1 0 -824 -1 -1 768 0 -1 -1 -1 -1 -1 -1 -1 -1 -1 -1 -1 -287 -1 -1 -1 -1 -1 -1 -1 -1
-1477 1456 -404 -585 392 0 -748 -1 905 -1 680 660 0 -656 151 882 -1 -1 278 -1 -375 1048 -1 -1 -1 -832 -1 -1 776 -1 -1 -592 -1 -1 -1 -1 -1 -1 -1 -1 -1 -1 -1 -1 -208 -1 -1 -1 -1 -1
-1484 1463 -406 -588 394 0 -752 -1104 910 348 684 664 0 -660 152 -1 -1 0 280 -1 -378 1056 -1089 -1 0 -1 -1 -1 -1 -1 360 -600 -1 -1 -1 -1 -1 -1 -1 -1 -1 -1 -1 -1 -1 -1 -1 -1 -1 -1
-1491 1470 -408 -591 396 0 -756 -1110 915 350 688 668 0 -1 -1 888 -938 0 -1 -1 -1 1064 -1 -1 0 -840 303 -1 -1 -1 -1 -1 -1 -350 -1 -195 -1 -423 -1 -1 108 -1 -1 -1 -1 -1 19 -1 -1 -1
-1498 1477 -410 -594 398 0 -760 -1116 920 352 692 672 0 -664 -1 -1 -945 0 -1 -1 -381 1072 -1 -1 -1 -848 306 485 784 0 365 -608 -516 -1 -1 -198 -1 -432 -1 -1 -1 -1 387 -1 -1 -1 -1 -1 60 -1
-1505 1484 -412 -597 400 -1 -764 -1122 925 354 696 -1 -1 -668 153 894 -1 0 -1 -980 -1 1080 -1 -1 0 -856 309 -1 -1 0 -1 -616 -1 -355 -1 -201 427 -1 -1 -1 -1 -1 -1 -1 -1 -1 -1 -1 -1 -1
-1512 1491 -414 -600 402 0 -768 -1128 930 356 700 -1 0 -1 -1 900 -952 0 282 -1 -1 1088 -1098 -1 0 -864 -1 490 -1 -1 -1 -624 -1 -1 552 -204 434 -1 165 44 -1 -1 -1 224 -1 144 -1 -1 -1 -1
-1519 1498 -416 -603 404 0 -772 -1134 935 358 -1 676 0 -672 154 906 -959 0 -1 -1 -384 -1 -1 952 0 -1 -1 495 -1 -1 -1 -632 -1 -1 -1 -1 -1 -1 -1 45 -1 -1 -1 -1 -1 -1 -1 -1 -1 -1
-1526 1505 -418 -606 406 0 -776 -1140 940 360 704 -1 0 -676 155 912 -1 -1 -1 -1 -387 -1 -1 -1 -1 -872 -1 -1 -1 0 370 -1 -1 -360 560 -207 -1 -1 -1 -1 -1 -294 -1 -1 -1 -1 -1 -1 -1 -1
-1533 1512 -420 -609 -1 0 -780 -1146 -1 362 708 680 0 -680 156 918 -966 -1 284 -987 -390 -1 -1 -1 0 -880 -1 500 -1 -1 375 -640 -1 -1 568 -1 -1 -1 168 -1 -1 -301 -1 -1 -1 -1 -1 39 -1 -1
-1540 1519 -422 -612 408 0 -1 -1152 945 -1 712 684 0 -684 157 924 -973 0 286 -994 -393 1096 -1107 -1 0 -888 -1 -1 792 -1 -1 -648 -1 -1 -1 -1 441 -1 -1 -1 -1 -1 -1 -1 -1 -1 20 -1 -1 -1
-1547 1526 -424 -615 410 0 -1 -1 950 364 716 -1 -1 -688 -1 930 -980 -1 288 -1001 -1 -1 -1116 -1 -1 -896 312 505 -1 -1 380 -1 -522 -365 -1 -1 448 -1 -1 -1 -1 -1 -1 -1 -1 -1 -1 -1 -1 -1
-1554 1533 -426 -618 412 0 -1 -1158 955 366 -1 -1 -1 -1 -1 936 -987 0 -1 -1008 -396 1104 -1125 -1 -1 -904 -1 510 -1 0 385 -1 -528 -370 576 -210 455 -441 -1 -1 -1 -1 -1 -1 -1 -1 -1 -1 -1 -1
-1561 1540 -428 -621 414 -1 -784 -1164 960 368 720 688 0 -1 158 942 -994 0 290 -1 -1 1112 -1 -1 -1 -1 -1 515 -1 -1 390 -656 -1 -1 -1 -1 -1 -450 -1 -1 -1 -1 -1 -1 -1 150 -1 -1 -1 -1
-1568 1547 -430 -624 416 0 -1 -1170 965 370 724 692 0 -692 159 -1 -1 -1 292 -1015 -399 -1 -1 -1 0 -912 -1 520 -1 0 395 -1 -534 -1 584 -1 -1 -1 -1 -1 -1 -1 -1 -1 -1 -1 -1 -1 -1 -1
-1575 1554 -432 -627 418 0 -1 -1176 970 372 -1 696 0 -696 -1 948 -1001 0 294 -1022 -1 -1 -1134 960 -1 -1 -1 -1 -1 0 400 -1 -1 -1 -1 -213 -1 -1 -1 46 111 -1 -1 -1 -1 -1 -1 -1 -1 -1
-1582 -1 -434 -630 420 0 -788 -1182 975 374 728 700 0 -700 160 954 -1008 -1 -1 -1 -402 -1 -1143 968 0 -920 315 525 800 -1 405 -1 -540 -1 -1 -216 -1 -1 -1 -1 -1 -308 -1 -1 -1 -1 -1 -1 -1 -1
-1589 1561 -436 -633 422 0 -792 -1188 980 -1 732 -1 0 -704 161 960 -1015 0 296 -1 -405 1120 -1 976 -1 -1 -1 530 808 -1 -1 -664 -1 -1 592 -1 -1 -459 -1 -1 -1 -1 -1 -1 -1 -1 -1 -1 -1 -1
-1596 1568 -438 -636 424 0 -796 -1194 985 -1 736 704 0 -708 162 -1 -1022 0 -1 -1 -1 -1 -1 984 0 -928 318 -1 816 -1 -1 -672 -1 -1 600 -1 462 -1 -1 -1 -1 -1 -1 -1 -1 -1 -1 -1 -1 -1
-1603 1575 -440 -639 426 -1 -800 -1200 990 -1 -1 -1 -1 -1 163 966 -1 -1 298 -1 -1 -1 -1152 992 -1 -936 -1 535 824 0 -1 -1 -1 -375 -1 -1 469 -1 -1 47 -1 -1 -1 -1 -1 156 -1 -1 -1 -1
-1610 1582 -1 -642 428 0 -804 -1206 995 -1 740 -1 0 -712 164 972 -1029 0 -1 -1 -1 1128 -1 1000 -1 -1 321 540 -1 0 -1 -680 -1 -1 -1 -219 476 -1 -1 -1 -1 -315 -1 -1 -216 -1 -1 42 -1 -1
-1617 1589 -442 -645 -1 0 -808 -1212 1000 376 744 -1 0 -716 165 978 -1036 0 300 -1 -1 1136 -1 -1 0 -944 324 -1 832 -1 410 -688 -546 -1 -1 -222 -1 -1 -1 -1 -1 -322 -1 231 -1 162 -1 -1 -1 -1
-1624 1596 -444 -1 430 0 -812 -1 1005 378 -1 708 0 -1 -1 -1 -1 -1 -1 -1 -408 1144 -1 1008 0 -1 -1 -1 840 0 -1 -1 -1 -1 608 -1 -1 -468 -1 -1 -1 -1 396 -1 -1 -1 -1 -1 -1 -1
-1631 1603 -1 -648 432 0 -816 -1218 -1 -1 748 712 0 -720 -1 984 -1 -1 -1 -1 -411 1152 -1161 -1 -1 -952 327 -1 -1 -1 415 -1 -1 -1 -1 -225 -1 -1 -1 -1 114 -1 -1 -1 -1 -1 -1 -1 66 -1
-1638 1610 -1 -651 434 0 -820 -1224 -1 380 752 716 0 -724 -1 990 -1 0 -1 -1029 -414 -1 -1170 -1 0 -1 330 545 -1 -1 -1 -1 -1 -1 616 -1 -1 -1 171 -1 -1 -1 405 -1 -1 -1 -1 45 -1 -1
-1645 1617 -446 -654 436 0 -824 -1230 1010 -1 756 720 0 -728 -1 996 -1043 0 -1 -1 -417 1160 -1179 1016 0 -960 333 -1 848 0 -1 -1 -552 -1 -1 -1 -1 -477 -1 -1 -1 -1 -1 -1 -1 -1 -1 -1 -1 -1
-1652 1624 -448 -657 438 0 -828 -1236 1015 382 760 724 0 -732 -1 -1 -1050 0 302 -1036 -420 1168 -1 -1 0 -968 -1 -1 856 -1 -1 -696 -558 -1 624 -1 -1 -1 -1 48 117 -1 -1 -1 -1 -1 -1 -1 -1 -1
-1659 1631 -450 -660 440 0 -832 -1242 -1 384 764 -1 -1 -736 166 1002 -1 -1 304 -1043 -1 1176 -1 -1 -1 -976 336 -1 -1 -1 420 -704 -564 -380 632 -1 483 -1 -1 -1 -1 -1 -1 -1 -1 -1 -1 48 72 -1
-1666 1638 -452 -663 442 0 -1 -1248 1020 386 768 -1 0 -1 167 1008 -1057 -1 306 -1050 -423 1184 -1188 1024 -1 -984 -1 -1 -1 -1 425 -1 -1 -385 -1 -228 -1 -1 -1 -1 120 -329 -1 -1 -1 -1 -1 -1 -1 -1
-1673 1645 -454 -666 444 0 -836 -1254 1025 -1 772 728 0 -740 168 1014 -1064 -1 308 -1 -1 1192 -1197 -1 -1 -992 339 -1 -1 0 -1 -1 -1 -1 -1 -1 -1 -1 -1 -1 -1 -1 -1 -1 -1 -1 -1 -1 -1 -1
-1680 1652 -456 -669 446 0 -840 -1 1030 388 776 732 0 -1 -1 1020 -1 0 -1 -1057 -1 -1 -1206 1032 0 -1 -1 -1 -1 0 430 -712 -570 -1 640 -231 -1 -486 -1 -1 -1 -1 -1 -1 -1 -1 -1 -1 -1 -1
-1687 1659 -458 -672 448 0 -844 -1260 1035 -1 780 736 0 -744 169 -1 -1071 0 310 -1 -426 -1 -1215 1040 -1 -1 342 550 864 0 -1 -1 -576 -390 -1 -234 -1 -1 -1 -1 -1 -336 -1 -1 -1 -1 -1 -1 -1 -1
-1694 1666 -460 -675 450 0 -848 -1266 1040 -1 784 -1 0 -748 -1 -1 -1078 -1 312 -1064 -429 1200 -1 1048 0 -1 345 555 -1 -1 435 -1 -1 -1 -1 -1 -1 -1 -1 -1 -1 -1 -1 -1 -1 -1 -1 -1 -1 -1
-1701 1673 -462 -678 452 0 -852 -1272 1045 390 788 740 0 -752 170 1026 -1085 0 314 -1071 -432 -1 -1224 -1 -1 -1000 -1 -1 -1 0 440 -720 -1 -1 648 -237 490 -1 174 -1 -1 -1 414 238 -1 -1 -1 -1 -1 -1
-1708 1680 -464 -1 454 -1 -856 -1278 1050 392 792 744 0 -756 171 1032 -1 0 -1 -1078 -1 -1 -1233 1056 -1 -1008 348 560 -1 0 -1 -728 -1 -395 -1 -1 -1 -495 -1 49 -1 -1 -1 -1 -224 -1 -1 -1 -1 -1
-1715 1687 -466 -681 -1 0 -860 -1284 -1 394 796 748 0 -760 172 -1 -1 0 316 -1085 -1 -1 -1 1064 -1 -1 351 -1 872 0 -1 -1 -1 -1 -1 -1 -1 -1 -1 -1 123 -1 -1 245 -1 -1 -1 -1 -1 -1
-1722 1694 -468 -684 456 0 -864 -1290 1055 396 800 752 0 -764 -1 1038 -1092 0 318 -1092 -1 -1 -1 -1 0 -1016 354 565 -1 -1 -1 -1 -1 -400 -1 -240 -1 -1 -1 -1 -1 -343 -1 252 -232 -1 -1 -1 -1 -1
-1729 1701 -470 -687 458 0 -868 -1296 1060 398 804 -1 0 -768 173 1044 -1 -1 320 -1 -1 -1 -1242 -1 0 -1024 -1 -1 880 -1 -1 -736 -1 -1 656 -1 -1 -504 -1 -1 -1 -1 423 -1 -1 -1 -1 51 -1 -1
-1736 1708 -472 -690 -1 0 -872 -1302 1065 400 808 756 0 -772 174 -1 -1099 0 -1 -1 -435 1208 -1251 1072 0 -1032 357 -1 -1 0 -1 -744 -1 -1 -1 -1 -1 -1 -1 50 126 -1 -1 -1 -1 -1 -1 -1 -1 -1
-1743 1715 -474 -693 460 0 -876 -1308 1070 402 812 760 0 -776 175 1050 -1106 0 322 -1 -1 1216 -1260 -1 0 -1040 360 570 -1 0 445 -752 -582 -405 664 -1 -1 -1 -1 51 -1 -1 -1 -1 -1 -1 -1 -1 -1 -1
-1750 1722 -476 -696 462 0 -880 -1314 1075 404 816 -1 0 -780 176 1056 -1113 0 324 -1099 -438 -1 -1 -1 0 -1 -1 575 -1 0 450 -760 -1 -410 -1 -1 -1 -1 177 -1 -1 -1 -1 259 -1 -1 -1 -1 -1 -1
-1757 1729 -478 -699 464 0 -884 -1320 1080 -1 820 764 0 -784 177 1062 -1 0 326 -1 -441 -1 -1269 1080 0 -1 -1 -1 888 0 -1 -768 -1 -415 -1 -1 497 -1 -1 -1 -1 -1 432 -1 -1 -1 21 -1 -1 -1
-1764 1736 -480 -702 466 0 -888 -1326 -1 406 824 768 0 -1 -1 1068 -1120 0 -1 -1106 -444 1224 -1278 -1 0 -1 363 580 896 -1 455 -776 -1 -1 672 -1 -1 -513 -1 -1 129 -1 -1 -1 -1 -1 22 -1 78 -1
-1771 1743 -482 -705 468 0 -892 -1332 1085 408 828 -1 0 -788 178 1074 -1127 0 328 -1113 -447 -1 -1287 -1 -1 -1 -1 -1 904 -1 460 -1 -588 -1 680 -243 504 -1 -1 -1 132 -1 -1 -1 -1 -1 -1 -1 -1 -1
-1778 1750 -484 -708 470 0 -896 -1338 1090 410 832 772 -1 -792 179 -1 -1134 0 330 -1 -450 1232 -1296 -1 -1 -1 -1 585 -1 -1 465 -1 -1 -1 688 -246 511 -1 -1 -1 135 -1 441 -1 -1 168 -1 -1 -1 -1
-1785 1757 -486 -711 472 0 -900 -1344 1095 412 836 776 0 -796 180 1080 -1141 0 332 -1120 -1 1240 -1 -1 0 -1 366 590 -1 -1 -1 -1 -594 -1 -1 -1 -1 -522 180 -1 -1 -1 -1 -1 -1 -1 -1 -1 -1 -1
-1792 1764 -488 -714 474 0 -904 -1350 1100 -1 840 780 0 -800 -1 1086 -1148 0 334 -1 -1 1248 -1 1088 -1 -1048 -1 595 912 -1 470 -1 -1 -420 -1 -1 -1 -1 -1 -1 138 -350 -1 -1 -1 -1 -1 -1 -1 -1
-1799 1771 -490 -717 476 0 -908 -1356 -1 414 844 784 0 -1 181 1092 -1155 0 336 -1 -453 -1 -1305 1096 0 -1 369 600 920 0 -1 -1 -600 -425 696 -1 -1 -1 -1 -1 -1 -1 -1 -1 -1 -1 -1 -1 -1 -1
-1806 1778 -492 -720 478 0 -912 -1362 -1 -1 -1 -1 0 -804 -1 -1 -1 0 -1 -1 -1 -1 -1314 -1 0 -1 372 -1 -1 0 475 -1 -1 -1 704 -1 -1 -1 -1 -1 -1 -1 450 -1 -240 -1 -1 -1 -1 -1
-1813 1785 -494 -723 480 0 -916 -1368 1105 -1 848 788 0 -808 -1 1098 -1162 -1 -1 -1 -456 1256 -1323 -1 0 -1 -1 605 -1 0 480 -784 -1 -1 -1 -1 -1 -1 -1 -1 -1 -357 -1 -1 -1 -1 -1 -1 -1 -1
-1820 1792 -496 -726 482 0 -1 -1374 -1 -1 852 792 -1 -1 182 -1 -1169 0 -1 -1127 -459 1264 -1 1104 0 -1056 375 -1 928 0 -1 -1 -606 -1 -1 -249 518 -1 -1 -1 -1 -1 459 -1 -1 -1 -1 -1 -1 -1
-1827 1799 -498 -729 484 0 -920 -1380 1110 416 856 796 0 -812 183 1104 -1176 -1 -1 -1134 -1 1272 -1332 -1 0 -1064 378 610 936 -1 485 -792 -1 -1 -1 -1 -1 -1 -1 -1 -1 -1 -1 -1 -1 -1 -1 -1 -1 -1
-1834 1806 -500 -732 -1 0 -924 -1386 1115 418 860 800 0 -816 -1 1110 -1183 0 -1 -1141 -1 1280 -1 1112 -1 -1 -1 615 -1 -1 -1 -1 -1 -1 712 -1 -1 -1 183 -1 -1 -1 -1 -1 -1 -1 -1 -1 -1 -1
-1841 1813 -502 -735 486 0 -1 -1392 1120 -1 864 804 -1 -1 184 1116 -1 0 338 -1 -1 -1 -1341 1120 0 -1072 381 -1 944 0 -1 -800 -1 -430 -1 -1 -1 -1 -1 -1 -1 -364 468 -1 -1 174 -1 -1 -1 -1
-1848 1820 -504 -738 488 0 -928 -1398 1125 420 -1 808 -1 -1 185 1122 -1190 -1 340 -1 -462 1288 -1350 -1 -1 -1080 384 -1 952 -1 -1 -808 -1 -1 -1 -252 -1 -531 -1 -1 -1 -1 -1 -1 -1 -1 -1 -1 -1 -1
-1855 1827 -506 -741 490 0 -932 -1 1130 422 -1 812 0 -820 186 -1 -1197 -1 -1 -1148 -465 -1 -1359 -1 0 -1088 387 620 -1 -1 490 -816 -612 -1 -1 -255 525 -540 -1 -1 -1 -1 -1 -1 -1 -1 -1 -1 -1 -1
-1862 1834 -508 -744 492 0 -936 -1404 1135 -1 868 816 0 -824 187 1128 -1204 0 342 -1155 -468 -1 -1368 -1 -1 -1096 -1 625 960 0 495 -1 -618 -1 -1 -1 -1 -1 186 52 -1 -1 -1 -1 -1 -1 23 -1 -1 -1
-1869 1841 -510 -747 494 0 -940 -1410 1140 424 872 -1 -1 -1 188 1134 -1211 0 344 -1 -1 -1 -1 -1 0 -1104 390 -1 -1 0 -1 -1 -1 -435 -1 -258 532 -1 -1 -1 -1 -1 -1 -1 -1 -1 -1 -1 -1 -1
-1876 1848 -512 -750 496 0 -944 -1416 1145 426 876 820 -1 -828 189 1140 -1218 0 346 -1162 -471 -1 -1377 -1 0 -1 393 -1 968 -1 -1 -1 -1 -440 -1 -261 -1 -1 -1 53 141 -1 -1 -1 -1 -1 -1 -1 -1 -1
-1883 1855 -514 -753 498 0 -1 -1422 -1 428 880 -1 -1 -832 190 1146 -1225 0 348 -1169 -1 -1 -1386 1128 0 -1 396 -1 -1 0 500 -1 -1 -1 -1 -1 539 -1 189 -1 144 -371 -1 -1 -1 -1 -1 -1 84 -1
-1890 1862 -516 -756 500 0 -1 -1428 1150 430 -1 -1 0 -836 191 1152 -1232 0 -1 -1176 -474 -1 -1 1136 -1 -1 399 -1 976 -1 505 -824 -1 -1 -1 -1 546 -1 -1 54 -1 -1 -1 -1 -1 -1 -1 -1 -1 -1
-1897 1869 -518 -759 502 0 -948 -1434 1155 432 884 824 -1 -840 192 -1 -1239 -1 350 -1183 -477 -1 -1395 1144 0 -1112 -1 630 -1 -1 -1 -1 -624 -1 720 -264 553 -1 -1 -1 -1 -1 -1 -1 -1 -1 -1 -1 -1 -1
-1904 1876 -520 -762 504 0 -952 -1440 1160 434 888 828 0 -844 193 -1 -1246 0 -1 -1190 -1 -1 -1 1152 0 -1120 -1 -1 -1 -1 510 -1 -630 -1 728 -1 -1 -1 192 -1 -1 -1 -1 266 -1 180 -1 -1 -1 -1
-1911 1883 -522 -765 506 0 -956 -1446 -1 436 892 832 0 -848 194 1158 -1 0 -1 -1197 -1 1296 -1404 1160 -1 -1 402 -1 -1 -1 -1 -1 -1 -445 -1 -1 -1 -1 -1 -1 -1 -1 -1 273 -1 -1 -1 -1 -1 -1
-1918 1890 -524 -768 508 0 -960 -1452 1165 438 896 836 -1 -852 195 1164 -1 0 352 -1204 -480 1304 -1 -1 -1 -1128 -1 635 -1 -1 -1 -832 -1 -1 736 -1 560 -1 -1 -1 -1 -1 -1 -1 -1 -1 -1 -1 -1 -1
-1925 1897 -526 -771 510 0 -964 -1458 1170 440 900 840 0 -856 196 1170 -1 0 -1 -1 -483 1312 -1 -1 -1 -1 -1 -1 -1 0 515 -1 -1 -450 744 -1 -1 -1 195 -1 147 -1 -1 -1 -1 -1 -1 -1 -1 -1
-1932 1904 -528 -774 512 0 -968 -1 1175 442 904 -1 0 -860 197 -1 -1253 -1 354 -1 -486 -1 -1413 -1 0 -1 405 640 984 -1 -1 -1 -1 -1 -1 -1 567 -1 -1 -1 -1 -1 -1 -1 -1 -1 -1 -1 -1 -1
-1939 1911 -530 -1 514 0 -972 -1464 1180 444 908 844 -1 -1 198 1176 -1 -1 356 -1211 -489 1320 -1 -1 0 -1 408 645 -1 0 -1 -840 -1 -1 -1 -1 -1 -549 -1 -1 -1 -1 -1 -1 -1 -1 -1 -1 -1 -1
-1946 1918 -532 -777 516 0 -976 -1 1185 446 912 -1 0 -864 199 1182 -1260 0 358 -1218 -492 -1 -1 1168 0 -1136 411 -1 -1 -1 520 -1 -1 -1 -1 -1 -1 -558 198 -1 -1 -1 -1 280 -1 -1 -1 -1 -1 -1
-1953 1925 -534 -780 518 0 -1 -1470 1190 448 916 848 0 -1 200 1188 -1267 0 360 -1225 -1 1328 -1422 1176 -1 -1 414 -1 992 -1 -1 -1 -1 -1 752 -267 -1 -1 -1 -1 -1 -1 -1 -1 -1 -1 -1 -1 -1 -1
-1960 1932 -536 -783 520 0 -980 -1476 1195 450 920 852 -1 -1 201 1194 -1274 0 -1 -1 -1 1336 -1431 1184 0 -1144 417 -1 -1 -1 -1 -848 -1 -455 -1 -1 -1 -1 -1 -1 -1 -1 -1 -1 -1 -1 -1 -1 -1 -1
-1967 1939 -538 -786 522 0 -984 -1482 1200 -1 924 856 -1 -868 202 -1 -1281 -1 362 -1232 -1 -1 -1440 1192 -1 -1 420 -1 1000 -1 525 -1 -1 -1 -1 -270 -1 -1 -1 -1 -1 -1 -1 -1 -1 -1 -1 54 -1 -1
-1974 1946 -1 -789 524 -1 -988 -1488 1205 452 928 -1 -1 -872 -1 1200 -1288 -1 364 -1239 -495 -1 -1449 1200 -1 -1 -1 650 1008 -1 -1 -1 -636 -1 -1 -1 -1 -1 -1 -1 -1 -1 -1 -1 -248 -1 -1 -1 -1 -1
-1981 1953 -540 -792 526 0 -992 -1494 1210 454 932 860 0 -876 -1 1206 -1 -1 366 -1246 -498 1344 -1 1208 -1 -1 -1 -1 -1 -1 530 -1 -1 -460 -1 -1 -1 -1 -1 -1 150 -1 -1 -1 -256 -1 -1 -1 -1 -1
-1988 1960 -542 -795 528 0 -996 -1500 1215 456 936 864 -1 -880 203 -1 -1295 -1 -1 -1 -501 1352 -1 -1 0 -1 -1 -1 -1 -1 535 -1 -1 -1 -1 -273 -1 -1 201 -1 -1 -1 -1 -1 -1 -1 -1 57 -1 -1
-1995 1967 -544 -798 530 0 -1000 -1 1220 458 940 868 0 -884 204 1212 -1302 0 368 -1253 -1 1360 -1 1216 -1 -1152 423 655 1016 -1 -1 -856 -1 -1 -1 -1 -1 -567 -1 55 -1 -1 -1 -1 -1 186 -1 -1 -1 -1
-2002 1974 -546 -801 532 0 -1004 -1 1225 460 944 872 0 -888 205 -1 -1309 -1 -1 -1260 -504 -1 -1 -1 0 -1 -1 660 1024 0 -1 -1 -1 -465 -1 -276 -1 -576 -1 -1 -1 -378 -1 -1 -1 -1 24 -1 -1 -1
-2009 1981 -1 -804 534 0 -1 -1506 1230 462 948 876 -1 -1 206 1218 -1316 -1 -1 -1 -507 -1 -1 1224 -1 -1160 -1 665 1032 0 540 -1 -1 -1 -1 -1 574 -585 -1 -1 -1 -1 -1 -1 -1 -1 -1 -1 -1 -1
-2016 1988 -548 -807 536 0 -1008 -1512 1235 464 -1 -1 0 -892 207 1224 -1323 0 370 -1 -510 -1 -1458 -1 0 -1 -1 670 1040 0 545 -864 -642 -1 760 -1 -1 -1 -1 56 153 -1 -1 -1 -264 -1 -1 60 -1 -1
-2023 1995 -550 -1 538 0 -1012 -1518 1240 466 952 -1 0 -896 208 -1 -1330 0 372 -1 -1 1368 -1 -1 -1 -1168 -1 -1 1048 -1 -1 -1 -648 -1 768 -279 581 -1 -1 57 -1 -1 -1 -1 -1 192 -1 -1 -1 -1
-2030 2002 -1 -1 540 0 -1016 -1 1245 468 956 880 0 -900 -1 1230 -1337 -1 -1 -1 -513 -1 -1 1232 -1 -1 -1 -1 1056 -1 -1 -872 -1 -470 -1 -1 -1 -1 -1 -1 -1 -1 -1 -1 -1 -1 -1 -1 -1 -1
-2037 2009 -552 -810 542 0 -1020 -1524 -1 -1 960 884 -1 -904 209 1236 -1344 0 -1 -1267 -516 1376 -1 -1 -1 -1 -1 -1 1064 -1 -1 -880 -1 -475 776 -1 -1 -1 204 -1 156 -1 -1 287 -1 -1 -1 -1 -1 -1
-2044 2016 -554 -813 544 0 -1024 -1530 1250 470 964 888 -1 -1 210 1242 -1 0 374 -1 -1 -1 -1 1240 0 -1176 -1 -1 -1 0 -1 -1 -654 -480 -1 -1 588 -594 -1 -1 -1 -1 -1 -1 -1 -1 -1 -1 -1 -1
-2051 2023 -556 -816 546 0 -1028 -1536 1255 472 968 892 0 -908 211 1248 -1351 0 376 -1274 -519 -1 -1467 1248 -1 -1 426 -1 -1 -1 -1 -888 -1 -1 -1 -1 595 -1 207 -1 -1 -1 -1 -1 -1 -1 -1 -1 -1 -1
-2058 2030 -558 -819 548 0 -1032 -1542 1260 474 972 896 0 -912 -1 1254 -1358 -1 378 -1 -522 1384 -1 1256 0 -1 -1 675 -1 -1 -1 -1 -1 -1 784 -1 -1 -1 210 -1 -1 -1 -1 -1 -1 -1 -1 -1 -1 -1
-2065 2037 -560 -822 550 0 -1036 -1 1265 476 976 900 0 -916 212 1260 -1365 0 -1 -1281 -1 -1 -1476 1264 -1 -1 -1 -1 -1 -1 -1 -896 -660 -1 792 -1 602 -1 213 -1 -1 -1 -1 -1 -1 -1 -1 63 -1 -1
-2072 2044 -562 -825 552 0 -1040 -1548 -1 -1 980 904 0 -920 -1 -1 -1 0 380 -1 -525 -1 -1 1272 -1 -1184 -1 680 1072 -1 -1 -1 -666 -485 -1 -1 609 -1 216 58 159 -1 -1 -1 -1 -1 -1 -1 -1 -1
-2079 2051 -564 -828 554 0 -1044 -1554 -1 478 -1 908 0 -924 -1 -1 -1372 0 -1 -1 -528 1392 -1485 1280 -1 -1 429 685 1080 -1 550 -1 -1 -1 -1 -1 -1 -1 219 -1 -1 -1 -1 -1 -1 198 -1 -1 -1 -1
-2086 2058 -566 -831 556 0 -1048 -1560 1270 480 984 912 0 -928 213 1266 -1379 -1 382 -1 -531 1400 -1494 1288 -1 -1192 -1 690 1088 -1 555 -1 -1 -1 -1 -1 -1 -603 222 59 162 -1 -1 -1 -1 -1 -1 -1 -1 -1
-2093 2065 -568 -834 558 0 -1052 -1566 1275 482 988 916 0 -932 214 1272 -1 0 384 -1 -534 -1 -1 -1 -1 -1 -1 695 -1 0 560 -1 -672 -1 -1 -1 616 -1 -1 -1 -1 -1 -1 -1 -1 -1 -1 -1 -1 -1
-2100 2072 -570 -837 560 0 -1056 -1572 1280 -1 992 920 -1 -936 -1 1278 -1386 0 -1 -1 -1 1408 -1503 1296 0 -1200 -1 700 -1 0 -1 -1 -1 -490 -1 -1 -1 -1 -1 -1 -1 -1 -1 -1 -1 -1 -1 -1 -1 -1
-2107 2079 -572 -840 562 0 -1060 -1 1285 484 996 -1 0 -940 -1 -1 -1393 -1 386 -1 -1 1416 -1 -1 -1 -1208 432 -1 1096 0 -1 -1 -1 -1 800 -282 -1 -1 -1 -1 -1 -1 -1 -1 -1 -1 -1 -1 -1 -1
-2114 2086 -1 -843 564 0 -1064 -1578 -1 486 1000 924 0 -944 215 1284 -1400 0 388 -1288 -1 1424 -1512 1304 0 -1216 -1 -1 -1 0 565 -1 -1 -1 -1 -1 -1 -612 -1 -1 -1 -385 -1 294 -272 -1 -1 -1 -1 -1
-2121 2093 -574 -846 566 0 -1068 -1584 1290 488 -1 928 -1 -948 216 1290 -1407 0 390 -1 -537 -1 -1521 -1 -1 -1224 -1 705 1104 0 -1 -904 -678 -1 -1 -285 -1 -621 -1 -1 -1 -1 -1 -1 -1 204 -1 -1 -1 -1
-2128 2100 -576 -1 -1 0 -1072 -1590 1295 490 1004 -1 0 -952 -1 1296 -1414 -1 392 -1295 -540 -1 -1 1312 0 -1 -1 -1 1112 -1 -1 -912 -1 -1 -1 -288 -1 -630 -1 -1 -1 -392 477 -1 -1 210 -1 -1 -1 -1
-2135 2107 -578 -849 568 0 -1 -1 1300 492 1008 932 0 -1 -1 1302 -1421 -1 -1 -1302 -543 1432 -1 1320 0 -1232 435 -1 -1 0 570 -1 -1 -495 808 -291 -1 -1 225 60 165 -1 -1 -1 -1 -1 -1 -1 -1 -1
-2142 2114 -580 -852 570 0 -1076 -1596 1305 494 1012 936 0 -956 -1 1308 -1428 -1 394 -1309 -546 -1 -1530 1328 0 -1240 -1 -1 -1 -1 -1 -920 -1 -500 -1 -294 -1 -1 -1 -1 168 -1 -1 -1 -1 -1 -1 -1 -1 -1
-2149 2121 -582 -855 572 0 -1080 -1602 1310 496 1016 940 0 -960 217 1314 -1 0 396 -1316 -549 -1 -1 -1 0 -1248 -1 710 -1 -1 -1 -1 -1 -1 -1 -1 -1 -1 -1 61 -1 -1 -1 -1 -280 -1 -1 -1 -1 -1
-2156 2128 -584 -858 574 0 -1084 -1 1315 498 1020 944 0 -964 218 1320 -1435 0 -1 -1 -552 1440 -1539 1336 0 -1 -1 -1 1120 0 -1 -1 -684 -505 -1 -1 -1 -1 -1 -1 -1 -399 -1 -1 -1 -1 -1 -1 -1 -1
-2163 2135 -586 -861 576 0 -1088 -1 1320 500 1024 948 0 -968 -1 1326 -1442 0 398 -1323 -1 1448 -1 -1 -1 -1256 438 715 1128 -1 575 -928 -1 -510 -1 -297 -1 -1 228 -1 171 -1 -1 -1 -1 -1 -1 -1 -1 -1
-2170 2142 -588 -864 578 0 -1092 -1608 -1 502 1028 952 -1 -972 219 1332 -1449 -1 400 -1 -555 -1 -1548 1344 -1 -1264 -1 720 -1 0 580 -1 -1 -515 816 -1 623 -1 -1 -1 -1 -1 -1 -1 -1 -1 25 -1 -1 -1
-2177 2149 -590 -867 580 0 -1096 -1614 1325 504 -1 956 0 -976 -1 -1 -1456 0 402 -1330 -558 1456 -1557 1352 -1 -1272 441 -1 1136 -1 -1 -936 -690 -520 -1 -300 -1 -1 -1 -1 -1 -1 -1 -1 -1 216 -1 66 -1 -1
-2184 2156 -592 -870 582 0 -1 -1 1330 506 1032 960 0 -1 220 1338 -1 0 -1 -1337 -1 1464 -1566 1360 -1 -1 -1 725 1144 -1 585 -1 -1 -525 824 -303 630 -1 231 -1 -1 -1 -1 301 -288 -1 -1 -1 -1 -1
-2191 -1 -594 -873 584 -1 -1100 -1620 1335 508 1036 -1 -1 -980 221 1344 -1 -1 404 -1344 -561 1472 -1575 1368 0 -1280 444 730 -1 0 -1 -1 -1 -530 -1 -1 -1 -1 234 62 -1 -1 486 -1 -1 -1 -1 -1 -1 -1
-2198 -1 -596 -876 586 0 -1104 -1626 1340 510 1040 964 -1 -1 -1 -1 -1463 -1 -1 -1 -564 -1 -1584 1376 -1 -1 -1 735 -1 -1 590 -1 -696 -535 832 -1 -1 -1 -1 -1 -1 -406 -1 -1 -296 -1 -1 -1 -1 -1
-2205 2163 -598 -879 588 0 -1108 -1632 1345 512 1044 968 0 -984 222 1350 -1 0 406 -1 -1 1480 -1593 1384 0 -1288 447 -1 1152 -1 595 -1 -702 -1 -1 -1 637 -1 -1 -1 -1 -1 -1 308 -1 -1 -1 -1 -1 -1
-2212 2170 -600 -882 590 0 -1112 -1638 1350 514 1048 972 0 -1 223 -1 -1470 0 408 -1351 -567 1488 -1602 1392 0 -1296 -1 -1 1160 -1 -1 -1 -708 -540 -1 -1 -1 -1 -1 63 -1 -413 -1 -1 -1 -1 -1 -1 -1 30
-2219 2177 -602 -885 592 0 -1116 -1644 -1 -1 1052 976 0 -1 224 1356 -1477 0 410 -1 -1 1496 -1611 1400 -1 -1304 450 -1 -1 -1 -1 -1 -1 -545 -1 -1 -1 -1 -1 -1 -1 -1 -1 315 -304 -1 -1 -1 -1 -1
-2226 2184 -604 -888 594 0 -1120 -1650 1355 516 1056 980 0 -988 225 -1 -1484 0 412 -1358 -570 1504 -1620 1408 -1 -1 -1 740 1168 0 600 -1 -1 -1 -1 -1 -1 -639 -1 64 -1 -1 495 -1 -312 -1 -1 -1 -1 -1
-2233 2191 -606 -891 596 -1 -1124 -1656 1360 518 1060 984 -1 -992 226 -1 -1491 0 414 -1 -573 1512 -1629 -1 0 -1312 -1 745 -1 -1 -1 -944 -714 -1 -1 -1 -1 -1 -1 -1 -1 -420 -1 -1 -320 -1 -1 -1 -1 -1
-2240 2198 -608 -894 598 0 -1128 -1662 1365 520 1064 988 0 -1 227 1362 -1498 0 416 -1365 -576 -1 -1 1416 -1 -1320 453 750 1176 0 605 -1 -720 -1 -1 -1 -1 -648 -1 65 -1 -427 -1 -1 -1 -1 -1 -1 -1 -1
-2247 2205 -610 -897 600 0 -1132 -1 1370 522 -1 -1 -1 -996 228 1368 -1505 0 -1 -1 -579 -1 -1638 -1 0 -1328 456 -1 1184 0 610 -1 -1 -550 840 -1 -1 -1 -1 -1 -1 -1 -1 -1 -1 -1 -1 -1 -1 -1
-2254 -1 -612 -900 602 0 -1136 -1668 -1 524 1068 -1 0 -1000 229 1374 -1512 0 418 -1 -582 -1 -1 1424 -1 -1336 459 -1 -1 -1 -1 -952 -1 -1 -1 -1 644 -1 -1 -1 -1 -434 -1 -1 -1 -1 -1 -1 -1 -1
-2261 2212 -614 -903 604 0 -1 -1 1375 526 1072 -1 0 -1004 230 1380 -1 -1 420 -1372 -585 -1 -1 1432 0 -1 462 -1 -1 -1 -1 -960 -726 -1 -1 -1 651 -1 -1 -1 -1 -1 504 -1 -1 222 -1 -1 -1 -1
-2268 2219 -616 -906 606 0 -1140 -1674 1380 528 1076 992 0 -1008 231 1386 -1519 0 422 -1379 -1 -1 -1647 -1 0 -1344 465 755 -1 -1 615 -968 -1 -1 -1 -1 -1 -1 237 -1 174 -1 513 322 -1 -1 -1 -1 -1 -1
-2275 2226 -618 -909 608 0 -1 -1680 1385 -1 1080 996 0 -1012 232 -1 -1 0 -1 -1 -588 1520 -1656 1440 0 -1352 468 760 -1 0 620 -1 -732 -1 848 -1 -1 -657 -1 -1 -1 -1 -1 -1 -1 -1 -1 -1 -1 -1
-2282 2233 -620 -912 610 0 -1144 -1686 1390 530 -1 1000 0 -1016 233 1392 -1526 0 -1 -1 -591 1528 -1665 1448 -1 -1360 -1 -1 -1 0 625 -976 -1 -1 -1 -1 -1 -1 -1 -1 177 -1 -1 -1 -1 -1 -1 -1 -1 -1
-2289 2240 -622 -915 612 0 -1148 -1692 -1 -1 1084 -1 -1 -1020 234 1398 -1533 -1 -1 -1 -1 1536 -1 1456 -1 -1 471 -1 -1 0 -1 -1 -1 -555 856 -306 -1 -1 -1 66 180 -441 -1 329 -1 -1 -1 -1 -1 -1
-2296 2247 -624 -918 614 0 -1152 -1698 1395 532 1088 1004 0 -1 235 1404 -1540 0 424 -1386 -594 1544 -1674 1464 -1 -1 474 -1 -1 -1 -1 -1 -1 -1 -1 -309 658 -666 240 -1 -1 -1 -1 -1 -1 -1 -1 -1 -1 -1
-2303 -1 -626 -921 616 -1 -1156 -1704 -1 534 1092 -1 -1 -1 236 -1 -1547 0 -1 -1393 -1 -1 -1 -1 -1 -1 -1 765 1192 0 -1 -1 -738 -1 -1 -1 -1 -1 -1 67 183 -1 -1 -1 -1 -1 26 -1 -1 -1
-2310 2254 -628 -924 618 0 -1160 -1710 -1 536 -1 -1 0 -1024 237 -1 -1554 0 -1 -1400 -1 1552 -1683 1472 -1 -1 -1 -1 -1 0 -1 -1 -744 -1 -1 -1 -1 -1 -1 -1 -1 -1 -1 -1 -1 -1 -1 -1 -1 -1
-2317 2261 -630 -927 -1 -1 -1 -1716 -1 -1 1096 1008 0 -1 -1 1410 -1561 -1 426 -1407 -1 1560 -1 -1 -1 -1368 477 770 1200 -1 630 -1 -750 -1 -1 -312 -1 -675 -1 -1 -1 -448 522 -1 -1 -1 -1 -1 -1 -1
-2324 2268 -632 -930 620 0 -1164 -1722 -1 538 1100 1012 0 -1028 238 1416 -1 -1 428 -1414 -597 -1 -1 1480 -1 -1376 480 -1 1208 -1 -1 -984 -756 -1 864 -1 -1 -684 -1 68 -1 -1 -1 -1 -1 -1 -1 -1 -1 -1
-2331 2275 -634 -933 -1 0 -1168 -1728 1400 540 -1 1016 0 -1032 239 1422 -1568 0 430 -1421 -600 1568 -1692 -1 0 -1384 483 -1 1216 -1 -1 -1 -1 -1 -1 -1 -1 -1 -1 -1 186 -1 531 -1 -1 -1 -1 -1 -1 -1
-2338 2282 -636 -936 622 0 -1172 -1734 -1 542 -1 -1 0 -1 -1 1428 -1575 0 432 -1428 -603 1576 -1701 1488 0 -1392 -1 775 -1 -1 635 -1 -762 -1 -1 -1 -1 -693 -1 -1 -1 -1 -1 -1 -1 -1 -1 -1 -1 -1
-2345 2289 -638 -939 624 0 -1176 -1740 1405 -1 -1 1020 0 -1036 240 1434 -1 0 434 -1 -606 1584 -1 1496 0 -1 486 -1 1224 0 -1 -992 -1 -1 -1 -315 -1 -1 -1 -1 -1 -1 -1 -1 -1 228 -1 -1 -1 -1
-2352 2296 -640 -942 626 0 -1180 -1 1410 544 1104 1024 -1 -1040 241 1440 -1 0 -1 -1 -609 1592 -1 -1 -1 -1400 489 -1 1232 -1 -1 -1000 -1 -560 -1 -1 -1 -702 -1 69 -1 -1 -1 -1 -1 -1 -1 -1 -1 -1
-2359 2303 -642 -945 628 0 -1184 -1746 -1 546 -1 1028 -1 -1044 -1 1446 -1582 -1 436 -1 -1 -1 -1 -1 0 -1 -1 -1 -1 -1 -1 -1 -1 -1 872 -318 -1 -1 -1 70 -1 -1 -1 -1 -1 -1 -1 -1 -1 -1
-2366 2310 -644 -948 630 0 -1188 -1752 1415 548 1108 -1 0 -1048 242 1452 -1589 0 438 -1435 -612 -1 -1710 1504 0 -1408 -1 -1 -1 -1 640 -1 -1 -1 -1 -1 665 -1 -1 -1 189 -1 -1 -1 -1 -1 -1 -1 -1 -1
-2373 2317 -646 -1 632 0 -1192 -1758 1420 -1 -1 -1 0 -1052 243 -1 -1596 -1 440 -1442 -615 1600 -1 -1 0 -1416 -1 -1 -1 0 -1 -1 -768 -565 880 -321 672 -1 -1 -1 -1 -455 -1 -1 -1 -1 -1 -1 -1 -1
-2380 2324 -648 -951 -1 0 -1196 -1 1425 -1 1112 1032 -1 -1056 244 1458 -1603 0 442 -1449 -1 1608 -1 1512 0 -1424 -1 780 -1 0 645 -1 -1 -570 888 -324 -1 -711 -1 71 -1 -1 540 -1 -1 -1 -1 -1 -1 -1
-2387 2331 -650 -954 634 0 -1200 -1 1430 550 1116 1036 0 -1060 245 1464 -1 -1 444 -1456 -618 -1 -1 1520 0 -1 492 -1 -1 -1 650 -1 -774 -575 896 -1 -1 -720 -1 -1 -1 -1 -1 -1 -1 -1 -1 -1 -1 -1
-2394 2338 -652 -957 636 0 -1204 -1764 1435 552 1120 -1 0 -1064 246 1470 -1 0 -1 -1 -621 -1 -1 -1 0 -1432 495 -1 -1 0 -1 -1008 -780 -1 -1 -327 -1 -1 -1 -1 192 -1 -1 -1 -1 -1 -1 -1 -1 -1
-2401 2345 -654 -960 638 0 -1208 -1770 1440 554 1124 1040 0 -1068 247 1476 -1 0 -1 -1463 -624 -1 -1 -1 0 -1 -1 -1 -1 -1 655 -1 -786 -1 -1 -1 -1 -1 -1 -1 -1 -1 -1 -1 -1 -1 -1 -1 -1 -1
-2408 2352 -656 -963 -1 0 -1 -1776 -1 556 1128 1044 0 -1072 -1 1482 -1610 -1 -1 -1470 -1 -1 -1 1528 -1 -1 498 -1 1240 -1 -1 -1 -1 -580 -1 -1 679 -1 -1 -1 -1 -1 -1 -1 -1 -1 -1 -1 -1 -1
-2415 2359 -658 -966 640 0 -1212 -1782 1445 558 1132 1048 0 -1076 248 -1 -1617 -1 446 -1477 -627 1616 -1719 1536 -1 -1440 -1 785 -1 0 -1 -1016 -792 -585 -1 -1 -1 -729 -1 -1 195 -1 -1 -1 -1 234 -1 -1 -1 -1
-2422 2366 -660 -969 642 0 -1216 -1 -1 560 1136 1052 -1 -1080 249 1488 -1624 -1 -1 -1484 -1 1624 -1 -1 -1 -1 -1 -1 -1 0 660 -1024 -798 -1 904 -1 686 -1 -1 -1 -1 -1 -1 -1 -1 -1 -1 -1 -1 -1
-2429 2373 -662 -972 -1 0 -1220 -1788 1450 562 -1 1056 0 -1084 250 -1 -1631 0 448 -1491 -1 -1 -1728 1544 0 -1448 -1 -1 1248 -1 665 -1 -804 -590 -1 -330 -1 -1 -1 72 -1 -1 -1 -1 -1 240 -1 -1 -1 -1
-2436 2380 -664 -975 644 -1 -1224 -1794 1455 564 1140 1060 -1 -1088 251 1494 -1638 -1 450 -1498 -630 1632 -1 1552 -1 -1456 -1 -1 -1 0 -1 -1 -810 -595 -1 -1 -1 -1 -1 73 198 -462 -1 -1 -328 -1 -1 -1 -1 -1
-2443 2387 -666 -978 646 0 -1228 -1800 1460 -1 -1 1064 -1 -1 -1 -1 -1 0 -1 -1505 -1 1640 -1 -1 0 -1 501 -1 1256 0 670 -1 -816 -1 912 -1 693 -1 243 -1 -1 -1 -1 -1 -1 -1 -1 -1 -1 -1
-2450 2394 -668 -981 648 0 -1232 -1 1465 566 1144 1068 0 -1 252 1500 -1645 0 452 -1512 -1 -1 -1737 1560 -1 -1 -1 790 1264 0 675 -1 -822 -600 920 -1 -1 -738 -1 -1 -1 -1 -1 -1 -1 -1 27 -1 -1 -1
-2457 2401 -670 -984 650 0 -1236 -1806 1470 568 1148 1072 0 -1 253 1506 -1652 -1 -1 -1519 -1 -1 -1746 -1 0 -1 504 -1 1272 -1 680 -1 -1 -1 -1 -1 -1 -1 -1 -1 -1 -1 -1 -1 -1 -1 -1 -1 -1 -1
-2464 2408 -672 -987 652 -1 -1240 -1812 -1 570 1152 -1 0 -1 254 1512 -1659 0 -1 -1 -633 1648 -1755 -1 0 -1 -1 -1 1280 -1 -1 -1032 -1 -1 928 -1 -1 -1 -1 -1 -1 -1 -1 336 -1 -1 28 -1 -1 -1
-2471 2415 -674 -990 654 0 -1244 -1818 1475 572 1156 1076 0 -1092 255 1518 -1 0 454 -1526 -1 1656 -1 1568 0 -1464 507 -1 -1 -1 685 -1040 -1 -605 -1 -1 -1 -747 246 -1 -1 -469 -1 343 -336 -1 -1 -1 -1 -1
-2478 2422 -676 -993 -1 0 -1248 -1 1480 574 1160 1080 0 -1 256 1524 -1666 0 456 -1533 -636 -1 -1 1576 -1 -1 510 795 1288 0 -1 -1048 -1 -610 936 -1 -1 -756 249 74 201 -1 -1 -1 -1 -1 -1 -1 -1 -1
-2485 2429 -678 -996 656 0 -1252 -1824 1485 576 1164 1084 0 -1 257 1530 -1673 0 -1 -1 -1 1664 -1764 -1 0 -1 513 -1 -1 -1 -1 -1 -828 -1 -1 -1 700 -1 -1 -1 204 -1 -1 -1 -1 -1 -1 -1 -1 -1
-2492 2436 -680 -999 -1 0 -1256 -1830 1490 578 1168 1088 0 -1096 258 1536 -1 0 458 -1540 -639 1672 -1 -1 -1 -1472 -1 -1 -1 0 -1 -1056 -834 -615 944 -1 -1 -1 -1 75 207 -1 -1 -1 -1 -1 -1 -1 -1 -1
-2499 2443 -682 -1002 658 0 -1260 -1 1495 580 1172 -1 0 -1 259 1542 -1680 0 460 -1547 -1 1680 -1773 -1 0 -1 -1 800 1296 -1 -1 -1064 -1 -1 952 -1 707 -1 -1 -1 -1 -1 549 -1 -344 -1 -1 -1 -1 36
-2506 2450 -684 -1005 660 0 -1264 -1836 1500 -1 1176 1092 0 -1100 260 1548 -1 0 -1 -1554 -642 1688 -1782 -1 -1 -1 -1 805 1304 -1 -1 -1 -1 -620 960 -333 714 -765 -1 76 -1 -1 -1 -1 -1 246 -1 -1 90 -1
-2513 2457 -686 -1008 662 0 -1 -1842 -1 582 1180 1096 -1 -1104 261 1554 -1 0 462 -1561 -645 -1 -1791 1584 0 -1 -1 810 -1 0 -1 -1 -840 -1 -1 -1 721 -1 -1 -1 -1 -1 -1 350 -1 -1 -1 -1 -1 -1
-2520 2464 -688 -1011 664 -1 -1268 -1848 -1 584 -1 1100 0 -1108 -1 1560 -1687 -1 464 -1 -648 1696 -1 1592 -1 -1480 -1 -1 1312 -1 -1 -1072 -846 -1 968 -336 728 -774 252 77 -1 -1 -1 -1 -1 252 -1 -1 -1 -1
-2527 2471 -690 -1 666 0 -1272 -1854 -1 -1 1184 1104 0 -1 262 1566 -1694 0 -1 -1568 -651 -1 -1800 -1 0 -1 516 815 -1 -1 690 -1 -1 -625 976 -1 -1 -1 -1 -1 -1 -1 558 357 -1 -1 -1 -1 -1 -1
-2534 2478 -692 -1014 668 0 -1276 -1860 1505 586 1188 1108 -1 -1112 263 -1 -1701 0 -1 -1 -1 1704 -1 1600 0 -1488 -1 820 1320 0 695 -1 -1 -630 -1 -1 -1 -783 -1 -1 -1 -476 -1 364 -1 -1 -1 -1 -1 -1
-2541 2485 -694 -1017 670 0 -1280 -1 1510 588 1192 -1 -1 -1 -1 1572 -1 0 -1 -1 -1 -1 -1809 -1 0 -1496 519 -1 1328 0 -1 -1080 -1 -635 984 -1 -1 -1 -1 -1 -1 -1 -1 -1 -1 -1 -1 -1 -1 -1
-2548 2492 -696 -1020 672 -1 -1284 -1866 1515 590 1196 1112 -1 -1116 264 1578 -1708 0 466 -1575 -654 -1 -1 1608 -1 -1 522 -1 -1 -1 -1 -1 -852 -640 -1 -339 -1 -1 -1 -1 -1 -1 -1 -1 -1 -1 29 -1 -1 -1
-2555 2499 -698 -1023 674 0 -1288 -1872 1520 592 -1 1116 0 -1120 -1 1584 -1715 -1 468 -1582 -657 1712 -1 1616 0 -1504 -1 825 -1 -1 700 -1 -858 -1 -1 -342 -1 -1 -1 -1 210 -1 -1 -1 -1 -1 -1 -1 -1 -1
-2562 2506 -700 -1026 676 0 -1292 -1 1525 594 1200 -1 -1 -1124 265 1590 -1722 0 470 -1 -660 -1 -1 -1 -1 -1 525 -1 -1 -1 705 -1 -864 -1 -1 -1 -1 -792 -1 78 -1 -1 -1 -1 -1 -1 -1 -1 -1 -1
-2569 2513 -702 -1029 678 -1 -1296 -1878 1530 596 -1 1120 0 -1128 266 -1 -1729 0 -1 -1 -1 -1 -1 1624 0 -1512 -1 -1 1336 -1 -1 -1 -1 -1 -1 -1 -1 -1 -1 -1 -1 -483 -1 371 -1 -1 -1 -1 -1 -1
-2576 2520 -704 -1032 680 0 -1300 -1884 1535 598 1204 -1 0 -1132 -1 1596 -1 0 -1 -1589 -663 -1 -1 1632 -1 -1 -1 -1 1344 0 -1 -1088 -1 -645 -1 -1 735 -1 255 -1 -1 -1 -1 -1 -1 -1 -1 -1 -1 -1
-2583 2527 -706 -1 682 0 -1304 -1890 1540 600 -1 1124 0 -1136 267 1602 -1 -1 -1 -1596 -666 -1 -1818 -1 0 -1 -1 -1 1352 0 -1 -1096 -1 -650 -1 -1 -1 -1 -1 -1 -1 -1 -1 -1 -1 -1 -1 -1 -1 -1
-2590 2534 -708 -1035 684 0 -1308 -1896 1545 602 1208 1128 -1 -1140 268 -1 -1736 -1 -1 -1603 -1 1720 -1 1640 -1 -1 -1 830 -1 -1 710 -1104 -1 -655 -1 -1 742 -801 258 79 213 -490 -1 -1 -1 -1 -1 -1 -1 -1
-2597 2541 -710 -1038 -1 0 -1312 -1902 -1 604 1212 -1 0 -1144 269 1608 -1743 -1 -1 -1 -669 -1 -1827 1648 -1 -1 528 -1 1360 0 715 -1 -1 -1 -1 -1 -1 -1 261 -1 216 -1 567 -1 -1 -1 30 -1 -1 -1
-2604 2548 -712 -1041 686 0 -1316 -1908 1550 606 1216 -1 0 -1 270 1614 -1750 0 472 -1610 -1 -1 -1 -1 0 -1 531 835 -1 -1 -1 -1 -870 -660 -1 -1 -1 -1 -1 -1 -1 -497 -1 -1 -1 -1 -1 -1 -1 -1
-2611 2555 -714 -1044 688 0 -1320 -1914 1555 608 1220 1132 0 -1 271 -1 -1757 0 474 -1617 -1 1728 -1836 -1 -1 -1 -1 840 1368 0 -1 -1112 -1 -1 992 -345 -1 -1 -1 -1 -1 -1 -1 -1 -1 -1 -1 -1 -1 -1
-2618 2562 -716 -1047 690 0 -1324 -1 1560 610 1224 1136 0 -1148 272 -1 -1 -1 -1 -1624 -672 1736 -1845 -1 0 -1520 -1 -1 -1 -1 -1 -1120 -876 -1 -1 -348 -1 -1 -1 80 -1 -1 576 -1 -1 -1 -1 -1 -1 -1
-2625 2569 -718 -1050 692 0 -1328 -1920 1565 -1 1228 1140 0 -1152 273 -1 -1 0 -1 -1631 -1 1744 -1854 -1 -1 -1 534 -1 -1 0 720 -1128 -1 -1 -1 -1 -1 -810 264 -1 -1 -1 -1 -1 -1 -1 -1 -1 -1 -1
-2632 2576 -720 -1053 694 0 -1332 -1926 1570 612 -1 1144 0 -1 274 1620 -1 0 476 -1 -1 1752 -1863 -1 0 -1 537 845 1376 0 -1 -1 -882 -1 -1 -1 -1 -1 -1 -1 219 -1 -1 -1 -1 -1 -1 69 -1 -1
-2639 2583 -722 -1056 696 0 -1336 -1932 1575 -1 1232 1148 -1 -1156 275 1626 -1764 0 478 -1638 -675 1760 -1872 1656 0 -1528 540 850 -1 -1 -1 -1136 -888 -1 -1 -1 -1 -819 -1 -1 -1 -1 -1 378 -1 -1 -1 -1 -1 -1
-2646 2590 -724 -1059 698 0 -1 -1938 1580 614 1236 -1 0 -1160 276 1632 -1771 0 480 -1645 -1 -1 -1881 1664 0 -1 -1 855 1384 0 725 -1 -894 -1 -1 -1 -1 -1 -1 -1 -1 -1 -1 385 -1 -1 -1 -1 -1 -1
-2653 2597 -726 -1062 700 0 -1340 -1944 1585 616 1240 1152 -1 -1 277 -1 -1778 -1 482 -1652 -1 -1 -1 1672 -1 -1 -1 860 -1 0 -1 -1144 -1 -665 1000 -1 749 -828 -1 -1 222 -1 -1 -1 -1 -1 -1 -1 -1 -1
-2660 2604 -728 -1065 702 0 -1344 -1 1590 618 1244 -1 0 -1164 -1 1638 -1785 0 484 -1 -678 1768 -1890 -1 -1 -1536 -1 -1 1392 0 -1 -1152 -900 -1 -1 -1 -1 -1 267 -1 225 -1 -1 -1 -1 -1 -1 -1 -1 -1
-2667 2611 -730 -1068 704 -1 -1348 -1950 1595 620 1248 1156 -1 -1168 -1 1644 -1792 0 486 -1659 -681 1776 -1899 -1 -1 -1 543 865 1400 -1 730 -1160 -1 -1 -1 -351 -1 -1 -1 -1 228 -1 -1 -1 -1 -1 -1 -1 -1 -1
-2674 2618 -732 -1071 706 0 -1 -1956 -1 622 1252 -1 0 -1172 278 1650 -1799 0 -1 -1 -684 -1 -1908 1680 0 -1544 -1 870 -1 0 735 -1 -906 -1 -1 -354 756 -1 -1 -1 -1 -1 -1 -1 -1 -1 -1 -1 -1 -1
-2681 2625 -734 -1074 708 0 -1352 -1962 1600 624 1256 1160 0 -1176 279 1656 -1806 0 -1 -1666 -687 1784 -1917 1688 0 -1552 -1 875 -1 -1 -1 -1 -1 -1 -1 -357 -1 -1 -1 -1 -1 -504 -1 392 -1 -1 -1 -1 -1 -1
-2688 2632 -736 -1077 710 0 -1356 -1 1605 626 -1 1164 0 -1180 280 1662 -1813 0 -1 -1673 -690 -1 -1926 -1 0 -1560 -1 880 -1 0 740 -1168 -1 -670 -1 -360 -1 -837 270 81 -1 -511 -1 -1 -1 -1 -1 -1 -1 -1
-2695 2639 -738 -1080 712 0 -1360 -1 -1 628 1260 1168 0 -1184 281 -1 -1820 -1 488 -1680 -693 1792 -1 -1 -1 -1568 546 -1 1408 -1 745 -1176 -912 -1 -1 -1 -1 -1 -1 -1 -1 -1 -1 399 -352 -1 -1 -1 -1 -1
-2702 2646 -740 -1083 714 0 -1364 -1968 1610 630 1264 1172 0 -1188 -1 1668 -1827 0 490 -1 -1 1800 -1 1696 0 -1 549 885 1416 0 750 -1184 -1 -1 1008 -1 -1 -846 -1 82 -1 -1 -1 -1 -1 -1 -1 -1 -1 -1
-2709 2653 -742 -1086 716 0 -1368 -1974 1615 632 -1 1176 0 -1192 -1 1674 -1834 0 492 -1687 -696 -1 -1 1704 -1 -1 -1 890 1424 -1 -1 -1192 -918 -1 -1 -363 -1 -855 -1 -1 -1 -1 -1 -1 -1 -1 -1 -1 -1 -1
-2716 2660 -744 -1089 718 0 -1372 -1980 1620 634 -1 1180 -1 -1196 282 1680 -1 0 -1 -1694 -1 -1 -1935 -1 0 -1576 552 895 -1 0 755 -1 -1 -675 -1 -1 -1 -1 273 -1 -1 -518 585 -1 -1 -1 -1 -1 -1 -1
-2723 2667 -746 -1092 720 0 -1376 -1986 1625 -1 1268 -1 0 -1 283 1686 -1 0 494 -1701 -699 1808 -1944 -1 0 -1 -1 -1 1432 -1 760 -1 -1 -1 -1 -1 763 -864 -1 -1 -1 -1 -1 -1 -1 -1 -1 -1 -1 -1
-2730 2674 -748 -1095 722 0 -1 -1992 1630 636 1272 1184 0 -1 284 1692 -1841 0 496 -1708 -1 1816 -1953 -1 0 -1 555 -1 -1 -1 -1 -1 -1 -1 -1 -366 -1 -1 276 -1 -1 -1 -1 -1 -1 -1 -1 -1 -1 -1
-2737 2681 -750 -1098 -1 -1 -1380 -1998 -1 638 1276 1188 0 -1200 285 -1 -1848 -1 498 -1 -1 -1 -1962 1712 0 -1584 558 -1 1440 -1 -1 -1200 -1 -1 1016 -1 -1 -1 -1 -1 -1 -525 -1 -1 -360 -1 -1 -1 -1 -1
-2744 2688 -752 -1101 724 0 -1384 -2004 1635 640 1280 -1 0 -1 286 -1 -1855 -1 -1 -1715 -1 -1 -1 1720 0 -1 -1 900 -1 -1 -1 -1 -1 -680 -1 -1 -1 -1 -1 -1 -1 -1 -1 -1 -1 -1 31 -1 -1 -1
-2751 2695 -754 -1104 726 0 -1388 -2010 1640 642 1284 1192 0 -1 287 1698 -1862 0 -1 -1722 -702 -1 -1 1728 0 -1 561 -1 -1 -1 -1 -1 -1 -1 -1 -369 -1 -1 -1 -1 -1 -1 -1 -1 -1 -1 -1 -1 -1 -1
-2758 2702 -756 -1 728 0 -1392 -2016 -1 644 1288 1196 0 -1204 -1 1704 -1869 0 500 -1729 -705 -1 -1971 1736 0 -1592 564 905 -1 0 765 -1 -1 -1 -1 -1 770 -1 -1 -1 231 -1 -1 -1 -1 -1 -1 -1 -1 -1
-2765 2709 -758 -1107 730 0 -1396 -2022 1645 646 -1 1200 -1 -1208 288 1710 -1 0 502 -1736 -1 -1 -1980 1744 0 -1600 -1 -1 -1 -1 -1 -1208 -1 -1 1024 -1 -1 -1 -1 83 -1 -1 -1 -1 -368 -1 32 -1 -1 -1
-2772 2716 -760 -1110 732 -1 -1400 -2028 -1 648 1292 1204 0 -1 289 1716 -1876 0 -1 -1743 -1 1824 -1989 1752 0 -1 -1 910 -1 0 -1 -1 -924 -1 1032 -372 -1 -1 -1 84 -1 -1 -1 406 -1 -1 -1 -1 -1 -1
-2779 2723 -762 -1113 734 0 -1404 -2034 1650 650 1296 1208 0 -1212 -1 1722 -1883 0 504 -1750 -1 1832 -1 -1 0 -1 567 -1 1448 0 -1 -1216 -1 -1 -1 -1 -1 -1 -1 85 -1 -1 -1 -1 -1 -1 -1 72 -1 -1
-2786 2730 -764 -1116 736 0 -1408 -1 1655 -1 -1 1212 -1 -1216 290 1728 -1 -1 506 -1 -1 -1 -1998 -1 0 -1 -1 915 -1 -1 -1 -1 -1 -685 1040 -1 -1 -1 -1 -1 234 -1 -1 -1 -1 -1 -1 -1 -1 -1
-2793 2737 -766 -1119 738 0 -1 -2040 1660 652 1300 1216 0 -1220 291 -1 -1890 0 508 -1 -708 -1 -1 -1 -1 -1608 -1 -1 1456 -1 770 -1 -1 -1 1048 -375 777 -1 -1 -1 237 -1 -1 -1 -1 -1 -1 -1 -1 -1
-2800 2744 -768 -1122 740 0 -1 -2046 1665 -1 -1 1220 0 -1 -1 1734 -1897 0 -1 -1 -711 -1 -1 -1 0 -1616 -1 -1 -1 -1 775 -1224 -1 -690 -1 -378 -1 -1 -1 -1 -1 -1 -1 -1 -1 258 -1 -1 -1 -1
-2807 2751 -770 -1125 742 0 -1412 -2052 1670 654 -1 -1 0 -1 -1 -1 -1904 -1 510 -1 -714 1840 -1 1760 -1 -1 570 -1 -1 -1 780 -1232 -1 -1 -1 -381 -1 -1 -1 -1 -1 -1 -1 -1 -1 -1 -1 -1 -1 -1
-2814 2758 -772 -1128 744 0 -1416 -2058 1675 656 1304 1224 0 -1 -1 1740 -1 0 -1 -1757 -1 1848 -2007 1768 0 -1624 573 -1 -1 0 -1 -1 -1 -695 -1 -1 -1 -1 -1 -1 -1 -1 -1 413 -376 -1 -1 -1 -1 -1
-2821 2765 -774 -1131 -1 -1 -1420 -2064 1680 658 1308 1228 -1 -1224 292 1746 -1911 0 -1 -1764 -717 -1 -1 1776 -1 -1 -1 -1 1464 -1 785 -1 -930 -1 -1 -1 -1 -1 -1 -1 -1 -1 -1 420 -1 -1 -1 -1 -1 -1
-2828 2772 -776 -1134 746 0 -1424 -2070 1685 660 -1 1232 0 -1 293 -1 -1 0 512 -1771 -1 1856 -2016 -1 0 -1632 576 -1 -1 0 790 -1 -1 -700 -1 -1 -1 -873 -1 86 240 -1 -1 -1 -1 264 -1 -1 -1 -1
-2835 2779 -778 -1137 -1 0 -1 -2076 1690 662 1312 1236 0 -1228 -1 1752 -1918 -1 -1 -1 -720 -1 -2025 -1 -1 -1640 -1 920 -1 -1 -1 -1 -1 -705 -1 -384 -1 -882 -1 -1 -1 -1 594 -1 -1 -1 -1 -1 -1 -1
-2842 2786 -1 -1140 748 0 -1428 -1 1695 664 -1 1240 0 -1 -1 -1 -1 0 -1 -1778 -723 1864 -2034 -1 0 -1648 -1 -1 1472 -1 -1 -1 -1 -1 -1 -1 -1 -891 -1 -1 -1 -532 -1 -1 -1 -1 -1 -1 -1 -1
-2849 2793 -780 -1143 -1 0 -1432 -2082 1700 666 -1 1244 -1 -1 294 1758 -1925 0 -1 -1 -726 -1 -2043 1784 0 -1656 579 925 1480 0 -1 -1 -1 -1 1056 -1 -1 -900 -1 -1 243 -1 -1 -1 -1 -1 -1 -1 96 -1
-2856 2800 -782 -1146 750 0 -1436 -2088 1705 668 1316 1248 0 -1232 -1 1764 -1 -1 514 -1785 -729 1872 -2052 1792 0 -1 -1 -1 1488 -1 -1 -1240 -1 -1 -1 -1 -1 -1 -1 -1 -1 -1 -1 -1 -1 -1 -1 -1 -1 -1
-2863 2807 -784 -1149 752 0 -1440 -2094 1710 670 1320 1252 -1 -1236 295 -1 -1 0 516 -1 -1 1880 -2061 -1 -1 -1 582 -1 1496 0 795 -1248 -1 -1 -1 -1 -1 -909 279 -1 -1 -1 -1 -1 -1 -1 -1 -1 -1 -1
-2870 2814 -786 -1152 -1 0 -1444 -2100 1715 672 1324 1256 0 -1240 296 1770 -1932 -1 518 -1792 -1 -1 -2070 -1 0 -1664 -1 -1 -1 -1 -1 -1 -1 -1 1064 -1 -1 -1 -1 -1 -1 -1 -1 -1 -1 -1 -1 -1 -1 -1
-2877 2821 -788 -1155 754 0 -1448 -1 1720 674 1328 1260 0 -1 -1 -1 -1939 0 -1 -1799 -1 1888 -2079 1800 -1 -1672 -1 -1 1504 0 -1 -1 -1 -1 1072 -387 -1 -1 -1 -1 -1 -1 -1 -1 -1 -1 -1 -1 -1 -1
-2884 2828 -790 -1158 756 0 -1 -2106 -1 -1 -1 1264 0 -1 297 -1 -1946 0 -1 -1 -732 -1 -2088 1808 -1 -1 585 930 -1 -1 800 -1 -1 -1 -1 -1 -1 -1 -1 87 -1 -1 603 -1 -384 -1 -1 -1 -1 -1
-2891 2835 -792 -1161 758 0 -1 -2112 1725 676 1332 1268 0 -1244 298 -1 -1953 0 520 -1806 -1 -1 -2097 -1 -1 -1680 -1 -1 1512 -1 805 -1 -936 -1 -1 -1 784 -1 282 88 -1 -1 612 -1 -1 -1 -1 -1 -1 -1
-2898 2842 -794 -1164 760 0 -1452 -2118 1730 678 -1 1272 0 -1248 -1 1776 -1 0 522 -1813 -735 1896 -1 1816 -1 -1 588 935 -1 0 810 -1 -942 -1 -1 -1 -1 -1 -1 89 -1 -1 621 -1 -1 -1 -1 -1 -1 -1
-2905 2849 -796 -1167 762 0 -1456 -2124 1735 -1 -1 1276 0 -1 299 -1 -1960 -1 524 -1820 -738 1904 -1 1824 -1 -1688 591 -1 1520 -1 -1 -1 -1 -1 -1 -390 -1 -1 -1 -1 246 -1 -1 -1 -1 -1 -1 -1 -1 -1
-2912 2856 -798 -1170 764 -1 -1460 -2130 1740 680 1336 -1 0 -1252 -1 1782 -1967 0 526 -1 -1 1912 -2106 -1 -1 -1 594 940 -1 0 -1 -1 -948 -1 -1 -1 -1 -918 -1 -1 -1 -1 -1 -1 -392 -1 -1 -1 -1 -1
-2919 2863 -800 -1173 766 0 -1464 -1 1745 682 1340 1280 0 -1256 -1 1788 -1974 -1 528 -1827 -1 1920 -2115 1832 0 -1 -1 945 1528 0 815 -1256 -1 -710 -1 -1 -1 -927 -1 90 -1 -1 -1 -1 -1 -1 -1 -1 -1 -1
-2926 2870 -802 -1176 768 -1 -1468 -1 1750 684 1344 -1 0 -1260 300 -1 -1 -1 -1 -1834 -1 1928 -2124 -1 0 -1696 597 950 -1 -1 820 -1 -1 -1 -1 -1 791 -1 285 -1 -1 -1 -1 -1 -1 -1 -1 -1 -1 -1
-2933 2877 -804 -1179 770 0 -1472 -2136 1755 686 1348 1284 -1 -1 301 1794 -1981 0 530 -1841 -741 1936 -2133 1840 0 -1 600 955 1536 -1 -1 -1 -954 -1 -1 -1 798 -1 288 -1 -1 -1 -1 -1 -1 -1 33 -1 -1 -1
-2940 2884 -806 -1182 -1 0 -1476 -2142 1760 688 -1 1288 0 -1 302 1800 -1988 0 532 -1 -744 -1 -1 -1 -1 -1704 603 960 1544 0 -1 -1 -960 -1 -1 -1 -1 -1 -1 -1 -1 -1 -1 -1 -1 -1 -1 -1 -1 -1
-2947 2891 -808 -1 772 0 -1 -2148 1765 690 1352 1292 0 -1 303 1806 -1 0 534 -1848 -747 1944 -1 -1 0 -1 -1 965 1552 0 -1 -1 -1 -715 -1 -393 -1 -1 -1 -1 -1 -1 -1 -1 -1 270 -1 -1 -1 -1
-2954 2898 -810 -1185 774 0 -1 -2154 1770 -1 1356 1296 0 -1 -1 1812 -1995 0 536 -1 -750 1952 -1 -1 -1 -1 -1 970 -1 0 -1 -1 -1 -1 1080 -1 -1 -1 -1 91 249 -1 -1 -1 -1 -1 -1 -1 -1 -1
-2961 2905 -812 -1188 776 0 -1480 -2160 1775 692 1360 1300 0 -1 304 -1 -2002 0 538 -1 -1 -1 -1 1848 0 -1 -1 -1 -1 0 -1 -1 -1 -720 -1 -1 -1 -936 291 -1 252 -1 -1 -1 -1 -1 -1 -1 -1 -1
-2968 2912 -814 -1191 778 0 -1484 -2166 -1 -1 1364 1304 0 -1 -1 1818 -1 -1 -1 -1855 -753 1960 -2142 1856 -1 -1712 606 975 -1 -1 825 -1 -1 -725 -1 -1 805 -1 -1 -1 -1 -539 630 -1 -1 -1 -1 -1 -1 -1
-2975 2919 -816 -1194 780 -1 -1488 -2172 1780 694 -1 1308 0 -1 305 1824 -2009 0 540 -1862 -756 -1 -2151 -1 -1 -1720 -1 980 -1 0 -1 -1 -1 -730 -1 -1 -1 -1 294 -1 255 -1 639 -1 -1 -1 -1 -1 -1 -1
-2982 2926 -818 -1 782 0 -1492 -2178 1785 696 1368 1312 0 -1264 -1 1830 -2016 0 -1 -1 -759 -1 -1 -1 0 -1 609 -1 1560 -1 -1 -1 -1 -1 -1 -396 -1 -1 -1 -1 -1 -1 -1 -1 -1 -1 -1 -1 -1 -1
-2989 2933 -820 -1197 784 0 -1496 -2184 1790 698 1372 -1 0 -1268 306 1836 -2023 -1 542 -1869 -762 1968 -2160 -1 0 -1 -1 -1 -1 -1 -1 -1264 -1 -735 -1 -399 812 -945 -1 -1 -1 -1 -1 -1 -1 -1 -1 -1 -1 -1
-2996 2940 -822 -1200 786 0 -1500 -2190 1795 700 1376 1316 0 -1272 307 -1 -1 -1 544 -1876 -1 1976 -2169 1864 -1 -1728 612 -1 -1 0 830 -1 -1 -740 -1 -1 -1 -1 -1 92 -1 -1 -1 427 -1 -1 -1 -1 -1 -1
-3003 2947 -824 -1203 788 0 -1504 -2196 1800 702 1380 1320 -1 -1276 -1 1842 -2030 0 546 -1883 -765 -1 -2178 1872 0 -1736 615 985 -1 -1 835 -1272 -1 -1 -1 -1 819 -1 -1 -1 258 -546 -1 -1 -1 -1 -1 -1 -1 -1
-3010 2954 -826 -1206 790 0 -1508 -2202 1805 704 1384 1324 0 -1280 308 -1 -2037 -1 -1 -1 -768 -1 -1 -1 -1 -1744 618 -1 -1 -1 840 -1 -966 -1 1088 -1 -1 -1 -1 -1 -1 -1 648 -1 -1 -1 34 -1 -1 -1
-3017 2961 -828 -1209 -1 0 -1512 -2208 1810 706 1388 1328 0 -1284 -1 -1 -1 -1 548 -1 -771 1984 -2187 1880 -1 -1 -1 990 -1 -1 845 -1280 -1 -1 -1 -1 -1 -1 297 93 -1 -553 -1 -1 -400 -1 -1 -1 -1 -1
-3024 2968 -830 -1212 792 0 -1516 -2214 1815 708 1392 1332 0 -1288 309 1848 -2044 0 550 -1890 -774 1992 -2196 1888 0 -1 621 -1 -1 0 -1 -1288 -972 -1 -1 -1 826 -1 -1 -1 -1 -1 -1 -1 -1 -1 -1 -1 -1 -1
-3031 2975 -832 -1215 -1 0 -1520 -2220 1820 -1 1396 1336 0 -1292 -1 -1 -2051 0 552 -1 -1 -1 -2205 -1 -1 -1752 -1 -1 1568 -1 -1 -1296 -1 -1 1096 -1 833 -1 -1 -1 -1 -1 -1 -1 -1 -1 -1 -1 -1 -1
-3038 2982 -834 -1218 794 0 -1524 -2226 1825 710 1400 1340 0 -1296 -1 1854 -2058 -1 554 -1897 -1 -1 -1 1896 -1 -1 -1 995 -1 -1 -1 -1 -978 -1 -1 -1 -1 -1 -1 94 -1 -1 -1 434 -1 -1 -1 -1 -1 -1
-3045 2989 -1 -1221 796 -1 -1528 -1 1830 712 1404 1344 0 -1300 310 1860 -2065 -1 -1 -1 -777 2000 -2214 1904 -1 -1 -1 1000 -1 -1 -1 -1304 -1 -1 -1 -402 840 -1 -1 -1 -1 -1 -1 -1 -1 -1 -1 -1 -1 -1
-3052 2996 -836 -1224 -1 0 -1 -2232 1835 714 -1 1348 0 -1304 311 -1 -1 0 556 -1 -780 2008 -1 1912 0 -1 624 -1 1576 0 850 -1312 -1 -745 -1 -405 847 -1 300 -1 -1 -1 -1 -1 -1 -1 -1 75 -1 -1
-3059 3003 -838 -1227 798 0 -1532 -2238 1840 -1 1408 1352 -1 -1 312 -1 -2072 -1 558 -1 -783 -1 -2223 -1 -1 -1 627 -1 -1 0 -1 -1 -1 -1 -1 -1 854 -1 -1 -1 -1 -1 -1 -1 -1 -1 35 -1 -1 -1
-3066 3010 -840 -1230 800 0 -1536 -2244 1845 -1 1412 1356 0 -1308 313 1866 -2079 0 560 -1904 -786 2016 -1 -1 -1 -1760 630 1005 -1 0 855 -1320 -1 -750 -1 -1 -1 -954 303 -1 -1 -560 -1 -1 -1 -1 -1 -1 -1 -1
-3073 3017 -842 -1233 802 -1 -1540 -2250 -1 716 1416 1360 0 -1 314 1872 -2086 -1 -1 -1 -1 -1 -1 1920 -1 -1768 633 1010 1584 0 860 -1328 -1 -1 -1 -408 -1 -1 306 -1 -1 -1 -1 -1 -1 -1 -1 -1 -1 -1
-3080 -1 -844 -1236 804 0 -1544 -2256 1850 -1 1420 1364 0 -1 -1 -1 -2093 -1 562 -1911 -789 2024 -2232 1928 0 -1 636 -1 -1 -1 -1 -1336 -1 -1 -1 -1 -1 -1 -1 -1 -1 -1 -1 -1 -408 -1 -1 78 -1 -1
-3087 3024 -846 -1239 806 0 -1548 -1 1855 718 1424 1368 -1 -1312 315 1878 -2100 -1 564 -1918 -1 -1 -2241 -1 -1 -1776 -1 1015 -1 0 -1 -1 -1 -1 -1 -1 -1 -1 -1 95 -1 -1 -1 -1 -416 -1 -1 -1 -1 -1
-3094 3031 -848 -1242 808 0 -1552 -2262 1860 720 1428 1372 0 -1316 316 1884 -2107 0 -1 -1925 -792 2032 -1 -1 0 -1784 -1 -1 -1 0 -1 -1344 -984 -1 1104 -1 -1 -1 -1 -1 -1 -1 -1 441 -1 -1 -1 -1 -1 -1
-3101 3038 -850 -1245 810 0 -1556 -2268 1865 722 -1 1376 0 -1 317 -1 -2114 -1 566 -1 -795 2040 -1 1936 0 -1792 -1 -1 -1 -1 865 -1352 -1 -1 -1 -1 -1 -1 -1 -1 261 -1 -1 -1 -1 -1 -1 -1 -1 -1
-3108 3045 -852 -1248 812 0 -1560 -2274 1870 724 1432 1380 0 -1 -1 1890 -2121 -1 568 -1932 -798 -1 -2250 1944 0 -1800 639 1020 -1 -1 -1 -1360 -990 -1 -1 -1 861 -963 309 -1 264 -567 -1 -1 -1 -1 -1 -1 -1 -1
-3115 3052 -854 -1251 814 0 -1 -2280 1875 726 1436 1384 -1 -1 318 1896 -2128 0 -1 -1939 -1 -1 -1 -1 -1 -1 -1 -1 1592 0 -1 -1 -1 -1 -1 -1 868 -972 -1 -1 -1 -1 -1 -1 -1 -1 -1 -1 -1 -1
-3122 3059 -856 -1254 816 0 -1564 -2286 1880 728 1440 1388 -1 -1320 319 -1 -1 0 -1 -1946 -1 -1 -2259 -1 0 -1 -1 -1 -1 0 870 -1368 -1 -1 -1 -411 875 -1 -1 -1 -1 -574 -1 -1 -1 -1 -1 -1 -1 -1
-3129 3066 -858 -1257 -1 0 -1568 -2292 1885 730 1444 1392 0 -1324 320 1902 -2135 0 570 -1953 -1 2048 -1 -1 0 -1808 -1 1025 -1 -1 -1 -1 -1 -1 1112 -1 -1 -981 312 -1 -1 -1 -1 -1 -1 -1 -1 -1 -1 -1
-3136 3073 -860 -1260 818 0 -1572 -2298 1890 732 1448 -1 0 -1 321 1908 -2142 0 -1 -1 -801 2056 -1 1952 0 -1 642 -1 1600 0 875 -1 -1 -1 1120 -1 882 -1 -1 -1 267 -1 -1 -1 -424 -1 -1 -1 -1 -1
-3143 3080 -862 -1263 820 0 -1576 -2304 1895 734 1452 1396 0 -1328 322 1914 -2149 0 572 -1 -804 2064 -2268 -1 -1 -1 -1 1030 -1 0 -1 -1376 -1 -1 -1 -1 -1 -1 -1 -1 -1 -1 -1 -1 -432 -1 -1 -1 -1 -1
-3150 3087 -864 -1266 822 0 -1580 -1 1900 -1 1456 1400 0 -1332 323 1920 -2156 -1 574 -1 -1 2072 -1 -1 -1 -1 -1 1035 -1 0 880 -1 -1 -1 -1 -1 -1 -1 -1 -1 -1 -1 657 -1 -1 -1 -1 -1 -1 -1
-3157 3094 -866 -1269 824 0 -1584 -2310 1905 736 1460 -1 0 -1336 -1 1926 -1 0 -1 -1960 -1 2080 -2277 -1 -1 -1816 645 1040 -1 0 -1 -1 -996 -1 1128 -1 -1 -990 -1 96 -1 -1 -1 -1 -1 -1 -1 -1 -1 -1
-3164 3101 -1 -1272 826 0 -1588 -1 -1 738 1464 1404 0 -1340 324 -1 -2163 0 576 -1967 -807 2088 -2286 -1 -1 -1 648 1045 -1 -1 -1 -1 -1002 -1 -1 -414 -1 -999 315 -1 -1 -1 -1 -1 -1 -1 -1 -1 -1 -1
-3171 3108 -868 -1275 828 0 -1592 -2316 1910 740 1468 1408 0 -1 -1 1932 -2170 0 578 -1974 -1 -1 -2295 1960 0 -1824 -1 -1 -1 0 885 -1384 -1008 -1 -1 -1 -1 -1008 318 -1 270 -1 -1 -1 -1 -1 -1 -1 -1 42
-3178 3115 -870 -1278 830 0 -1596 -2322 1915 742 1472 1412 0 -1344 -1 -1 -2177 0 580 -1 -810 -1 -1 1968 -1 -1 651 1050 -1 0 -1 -1 -1 -1 1136 -417 -1 -1017 -1 97 273 -581 -1 -1 -440 -1 -1 -1 -1 -1
-3185 3122 -872 -1281 832 0 -1600 -2328 -1 744 -1 1416 0 -1 -1 -1 -2184 0 582 -1 -813 2096 -1 1976 0 -1832 654 -1 1608 0 -1 -1392 -1 -1 -1 -1 -1 -1 321 -1 -1 -1 666 -1 -1 -1 -1 -1 102 -1
-3192 3129 -874 -1284 834 0 -1604 -2334 1920 746 1476 1420 -1 -1348 325 1938 -1 0 -1 -1 -816 2104 -1 -1 0 -1840 -1 1055 -1 -1 -1 -1400 -1014 -755 -1 -420 889 -1 -1 -1 -1 -1 -1 -1 -1 -1 -1 -1 -1 -1
-3199 3136 -876 -1287 836 0 -1608 -2340 -1 748 1480 1424 0 -1 -1 1944 -2191 0 584 -1 -819 2112 -1 -1 -1 -1 657 1060 1616 -1 890 -1 -1 -1 -1 -1 -1 -1 324 98 -1 -1 -1 -1 -1 -1 -1 -1 -1 -1
-3206 3143 -878 -1290 838 -1 -1612 -2346 1925 750 1484 1428 0 -1352 326 1950 -2198 0 -1 -1 -822 -1 -2304 1984 -1 -1 660 -1 -1 0 -1 -1408 -1020 -760 -1 -1 896 -1026 -1 -1 -1 -588 -1 -1 -1 -1 -1 -1 -1 -1
-3213 3150 -880 -1293 840 0 -1 -2352 1930 752 1488 -1 0 -1356 327 1956 -2205 -1 586 -1 -1 2120 -1 1992 -1 -1848 -1 -1 -1 -1 895 -1 -1 -1 1144 -423 -1 -1035 -1 -1 276 -1 675 448 -448 -1 -1 -1 -1 -1
-3220 3157 -1 -1 842 0 -1616 -2358 -1 754 1492 1432 0 -1360 328 1962 -2212 0 -1 -1981 -1 2128 -2313 2000 -1 -1 -1 -1 -1 -1 900 -1 -1026 -1 1152 -1 -1 -1044 -1 99 279 -1 -1 -1 -1 -1 -1 -1 -1 -1
-3227 3164 -882 -1296 844 0 -1620 -2364 1935 -1 1496 1436 0 -1364 -1 1968 -1 0 588 -1988 -1 2136 -1 2008 0 -1856 -1 -1 1624 -1 -1 -1416 -1032 -765 -1 -426 -1 -1 -1 -1 -1 -1 -1 -1 -1 -1 36 -1 -1 -1
-3234 3171 -884 -1299 846 0 -1624 -2370 1940 756 -1 -1 0 -1368 329 -1 -2219 -1 590 -1995 -825 -1 -2322 -1 -1 -1864 663 -1 -1 -1 -1 -1 -1 -1 1160 -1 -1 -1 -1 100 -1 -1 -1 -1 -1 -1 -1 -1 -1 -1
-3241 3178 -886 -1302 848 0 -1628 -2376 1945 758 1500 1440 0 -1372 330 1974 -2226 -1 592 -2002 -828 2144 -2331 -1 -1 -1 -1 -1 1632 -1 905 -1 -1 -770 -1 -1 -1 -1 -1 -1 -1 -1 -1 -1 -1 -1 -1 81 -1 -1
-3248 3185 -888 -1305 850 0 -1632 -2382 -1 -1 1504 1444 -1 -1376 331 -1 -2233 -1 -1 -2009 -831 -1 -2340 2016 0 -1872 666 -1 -1 0 910 -1424 -1038 -775 1168 -429 -1 -1 -1 -1 -1 -595 -1 -1 -1 -1 -1 -1 108 -1
-3255 3192 -890 -1308 852 0 -1636 -2388 1950 760 1508 1448 -1 -1380 332 1980 -2240 0 594 -2016 -834 2152 -2349 -1 0 -1880 669 -1 -1 0 915 -1 -1044 -780 -1 -1 903 -1 -1 -1 -1 -1 -1 455 -1 -1 -1 -1 -1 -1
-3262 3199 -892 -1311 854 0 -1640 -2394 1955 762 1512 1452 0 -1384 333 1986 -1 0 596 -2023 -837 2160 -2358 -1 -1 -1 672 -1 -1 -1 920 -1 -1050 -785 -1 -1 -1 -1053 327 -1 -1 -1 -1 -1 -1 -1 -1 -1 -1 -1
-3269 3206 -894 -1314 856 0 -1644 -2400 1960 -1 1516 1456 -1 -1388 -1 1992 -1 0 598 -2030 -840 -1 -1 2024 0 -1 675 1065 1640 -1 925 -1 -1 -1 1176 -1 -1 -1 -1 -1 -1 -1 -1 -1 -1 -1 -1 -1 -1 -1
-3276 3213 -896 -1317 858 0 -1648 -2406 -1 764 1520 1460 0 -1392 334 1998 -1 0 600 -2037 -843 2168 -1 2032 -1 -1888 678 1070 1648 -1 -1 -1 -1 -1 1184 -432 -1 -1062 -1 -1 -1 -1 -1 -1 -456 -1 -1 -1 -1 -1
-3283 3220 -898 -1320 860 0 -1652 -2412 1965 766 1524 1464 0 -1396 335 -1 -2247 0 602 -1 -846 -1 -1 2040 -1 -1896 681 -1 -1 0 930 -1432 -1 -1 1192 -1 910 -1 330 101 -1 -1 -1 -1 -1 -1 37 -1 -1 -1
-3290 3227 -900 -1323 862 0 -1656 -2418 1970 768 -1 1468 0 -1 336 -1 -1 0 -1 -1 -1 2176 -2367 2048 0 -1 684 -1 1656 -1 -1 -1440 -1 -790 -1 -1 -1 -1 -1 -1 -1 -602 -1 -1 -1 -1 -1 -1 -1 -1
-3297 3234 -902 -1326 864 0 -1660 -2424 1975 770 1528 1472 -1 -1400 337 -1 -2254 0 604 -2044 -849 2184 -1 -1 0 -1904 -1 -1 -1 -1 -1 -1448 -1 -1 1200 -1 -1 -1 -1 -1 -1 -1 -1 -1 -1 -1 -1 -1 -1 -1
-3304 3241 -904 -1329 866 0 -1664 -2430 -1 772 -1 1476 0 -1 338 -1 -1 0 606 -2051 -852 -1 -1 2056 -1 -1 -1 -1 -1 -1 -1 -1 -1 -1 -1 -1 917 -1071 -1 -1 282 -1 -1 -1 -1 -1 -1 -1 -1 48
-3311 3248 -906 -1332 868 0 -1668 -2436 1980 774 1532 1480 0 -1404 339 2004 -2261 -1 608 -1 -855 -1 -2376 2064 0 -1 -1 -1 -1 0 935 -1 -1 -795 -1 -1 924 -1 -1 102 285 -609 684 -1 -1 -1 -1 -1 -1 -1
-3318 3255 -908 -1335 870 0 -1672 -2442 1985 776 1536 -1 0 -1408 340 2010 -1 0 -1 -1 -1 -1 -1 -1 -1 -1 -1 -1 -1 -1 -1 -1 -1 -1 1208 -1 -1 -1080 -1 103 -1 -1 -1 -1 -1 -1 -1 -1 -1 -1
-3325 3262 -910 -1338 872 0 -1676 -1 -1 -1 -1 1484 -1 -1412 341 -1 -2268 0 -1 -2058 -858 2192 -2385 -1 -1 -1 -1 1075 -1 -1 -1 -1 -1056 -1 -1 -435 931 -1 333 -1 -1 -1 -1 -1 -1 -1 -1 -1 -1 -1
-3332 3269 -912 -1341 874 0 -1 -2448 1990 778 1540 -1 0 -1416 -1 -1 -1 -1 -1 -2065 -1 2200 -2394 2072 -1 -1912 -1 1080 -1 0 940 -1456 -1 -800 -1 -1 938 -1 -1 -1 288 -1 -1 -1 -1 -1 -1 -1 -1 -1
-3339 3276 -914 -1344 876 0 -1680 -2454 -1 780 -1 1488 0 -1 342 2016 -1 0 610 -1 -861 -1 -2403 2080 0 -1920 687 1085 -1 -1 945 -1 -1 -805 1216 -1 945 -1089 336 104 291 -1 -1 -1 -1 -1 -1 -1 114 -1
-3346 3283 -916 -1347 878 0 -1684 -2460 1995 782 1544 1492 -1 -1420 343 2022 -2275 0 -1 -1 -864 2208 -2412 -1 0 -1 690 1090 1664 0 950 -1464 -1 -810 1224 -1 -1 -1098 -1 -1 -1 -616 -1 -1 -1 -1 -1 -1 -1 -1
-3353 3290 -918 -1350 880 0 -1688 -2466 -1 -1 -1 -1 0 -1424 344 2028 -2282 -1 -1 -1 -867 2216 -1 -1 0 -1 -1 -1 -1 -1 955 -1 -1 -815 -1 -1 952 -1107 339 -1 -1 -1 -1 -1 -1 -1 -1 -1 -1 -1
-3360 3297 -920 -1353 882 0 -1692 -2472 2000 784 -1 1496 0 -1 345 -1 -1 0 -1 -2072 -870 2224 -1 -1 0 -1 693 -1 1672 0 -1 -1 -1 -1 -1 -1 -1 -1 342 -1 -1 -1 -1 -1 -1 -1 -1 -1 -1 -1
-3367 3304 -922 -1356 884 0 -1696 -2478 2005 786 1548 1500 0 -1428 346 2034 -1 -1 612 -1 -1 -1 -1 -1 -1 -1 -1 -1 -1 0 -1 -1 -1062 -1 -1 -1 -1 -1116 -1 105 -1 -1 -1 -1 -1 -1 -1 -1 -1 -1
-3374 3311 -924 -1359 886 0 -1700 -2484 2010 788 1552 -1 0 -1 347 -1 -1 -1 614 -2079 -873 2232 -2421 -1 0 -1 -1 1095 1680 -1 -1 -1 -1 -820 -1 -438 -1 -1125 -1 -1 -1 -1 -1 -1 -1 -1 -1 -1 -1 -1
-3381 -1 -926 -1362 888 0 -1704 -2490 2015 790 1556 1504 0 -1432 348 -1 -2289 0 616 -1 -876 -1 -2430 -1 0 -1928 696 1100 -1 -1 960 -1472 -1068 -825 -1 -441 -1 -1 -1 -1 -1 -1 -1 -1 -1 -1 -1 -1 -1 -1
-3388 3318 -928 -1 890 0 -1708 -2496 2020 792 1560 -1 0 -1 -1 -1 -2296 -1 -1 -2086 -1 2240 -2439 2088 -1 -1 -1 -1 1688 -1 965 -1480 -1 -1 -1 -1 959 -1134 -1 -1 -1 -1 -1 -1 -1 -1 -1 -1 -1 -1
-3395 3325 -930 -1365 892 0 -1712 -2502 2025 794 -1 -1 0 -1 349 2040 -2303 -1 618 -2093 -1 -1 -1 2096 -1 -1 699 1105 -1 -1 -1 -1 -1 -1 -1 -444 -1 -1 -1 -1 -1 -1 -1 -1 -1 276 -1 -1 -1 -1
-3402 3332 -932 -1368 894 0 -1716 -2508 2030 796 1564 1508 0 -1436 350 -1 -1 0 620 -2100 -879 2248 -2448 2104 0 -1936 702 -1 1696 -1 -1 -1 -1 -1 1232 -1 -1 -1 345 106 294 -1 -1 462 -1 -1 -1 -1 -1 -1
-3409 3339 -934 -1371 896 0 -1 -1 2035 798 -1 1512 0 -1 351 2046 -1 -1 -1 -1 -1 -1 -1 -1 0 -1944 -1 1110 1704 -1 -1 -1488 -1 -830 -1 -1 -1 -1 -1 -1 -1 -623 -1 -1 -1 282 -1 -1 -1 54
-3416 3346 -936 -1374 -1 0 -1720 -2514 2040 800 1568 1516 0 -1440 352 2052 -2310 0 622 -2107 -1 2256 -1 2112 -1 -1952 -1 -1 -1 0 970 -1 -1 -1 -1 -1 966 -1 -1 107 -1 -1 693 -1 -464 288 38 -1 -1 -1
-3423 3353 -938 -1377 898 0 -1 -2520 2045 802 1572 1520 0 -1 353 -1 -2317 0 624 -1 -1 2264 -1 2120 0 -1 705 -1 1712 -1 -1 -1496 -1074 -835 -1 -1 -1 -1 -1 -1 -1 -1 702 -1 -1 -1 -1 84 -1 -1
-3430 3360 -940 -1380 900 0 -1 -2526 2050 804 -1 1524 0 -1444 -1 -1 -2324 0 626 -2114 -882 -1 -1 2128 -1 -1960 708 1115 1720 -1 975 -1 -1 -1 1240 -1 -1 -1 348 -1 -1 -1 -1 469 -1 -1 -1 -1 -1 -1
-3437 3367 -942 -1383 902 0 -1724 -1 2055 -1 1576 1528 -1 -1 354 2058 -2331 -1 628 -1 -885 -1 -2457 2136 -1 -1968 -1 1120 1728 -1 980 -1 -1 -1 -1 -1 -1 -1143 351 -1 -1 -1 711 -1 -1 -1 -1 -1 -1 -1
-3444 3374 -944 -1386 904 0 -1728 -2532 2060 806 1580 1532 -1 -1448 -1 -1 -2338 0 630 -1 -888 2272 -2466 -1 -1 -1 -1 -1 1736 0 -1 -1504 -1 -1 -1 -1 -1 -1 -1 108 -1 -1 -1 -1 -1 294 -1 -1 -1 -1
-3451 3381 -946 -1389 906 0 -1732 -2538 2065 -1 1584 1536 0 -1452 355 2064 -1 0 632 -2121 -1 2280 -2475 -1 -1 -1976 -1 1125 -1 -1 -1 -1 -1 -1 -1 -447 -1 -1152 -1 -1 -1 -1 -1 476 -1 -1 -1 -1 -1 -1
-3458 3388 -948 -1392 908 0 -1736 -2544 2070 808 -1 1540 -1 -1456 356 2070 -2345 0 -1 -2128 -891 2288 -2484 2144 -1 -1 -1 1130 -1 0 985 -1512 -1 -1 -1 -1 -1 -1161 354 -1 297 -1 -1 -1 -1 -1 -1 -1 -1 -1
-3465 3395 -950 -1395 910 0 -1740 -2550 2075 810 1588 1544 0 -1460 -1 2076 -2352 -1 -1 -2135 -894 -1 -1 2152 -1 -1984 711 -1 -1 -1 -1 -1 -1 -840 1248 -1 -1 -1 -1 109 -1 -1 -1 -1 -472 -1 -1 -1 -1 -1
-3472 3402 -952 -1398 912 0 -1744 -2556 2080 812 -1 1548 0 -1464 357 2082 -2359 0 -1 -2142 -1 2296 -2493 -1 -1 -1 -1 1135 -1 0 990 -1 -1 -845 1256 -1 -1 -1 -1 -1 -1 -1 -1 -1 -1 -1 39 -1 -1 -1
-3479 3409 -954 -1401 914 0 -1748 -2562 2085 814 1592 1552 0 -1468 -1 2088 -1 0 634 -2149 -1 -1 -2502 -1 0 -1992 714 1140 1744 -1 995 -1 -1 -1 1264 -1 -1 -1 -1 -1 -1 -1 -1 483 -1 -1 -1 -1 -1 -1
-3486 3416 -956 -1404 916 -1 -1752 -2568 2090 816 1596 -1 0 -1472 358 2094 -2366 0 636 -2156 -897 2304 -1 -1 0 -1 717 1145 1752 -1 -1 -1 -1 -1 -1 -1 973 -1 357 -1 -1 -1 -1 -1 -1 -1 -1 -1 -1 -1
-3493 3423 -958 -1407 918 -1 -1756 -2574 2095 818 -1 1556 -1 -1476 359 -1 -2373 0 638 -2163 -1 2312 -2511 -1 0 -1 -1 -1 -1 -1 -1 -1 -1 -1 1272 -1 -1 -1 -1 -1 -1 -1 -1 -1 -1 -1 -1 87 -1 -1
