1 2 3 4 5 6 7 8 9 10 11 12 13 14 15 16 17 18 19 20
1 76 4 96 0 42 0 0 45 51 44 0 0 0 0 0 0 59 0 58
5 0 48 25 72 85 36 0 75 0 64 0 70 0 0 37 0 0 22 23
8 0 13 0 0 0 93 0 66 83 2 0 0 82 0 99 0 1 0 74
79 0 75 0 31 0 83 0 14 0 67 0 0 0 0 77 0 50 73 66
1 21 36 70 42 97 0 0 18 18 30 77 0 27 0 27 0 0 50 67
63 0 0 86 77 0 19 0 43 15 0 0 34 0 0 78 0 0 0 63
57 97 18 54 23 0 63 0 2 49 11 40 0 68 0 89 15 0 0 54
80 82 86 91 0 81 96 0 50 0 78 0 0 0 0 42 0 36 0 77
75 91 70 94 38 26 0 0 38 81 95 98 91 43 0 5 0 76 34 78
19 79 30 43 62 7 40 0 76 9 24 63 0 23 0 23 0 89 81 73
96 48 27 0 4 45 0 0 56 0 39 0 0 0 0 0 0 86 10 21
9 85 68 36 38 12 67 0 63 28 84 0 0 0 18 20 0 26 74 19
3 0 69 53 2 32 0 0 18 91 9 0 0 0 0 39 0 0 19 30
21 10 0 0 71 0 89 0 52 29 32 0 0 2 0 44 0 21 32 31
10 50 9 23 65 77 93 0 2 58 79 0 74 0 0 70 0 0 85 39
31 34 0 0 23 0 0 0 10 0 52 86 0 99 0 85 0 49 74 18
15 28 27 1 0 20 12 0 11 21 16 32 0 79 0 2 0 79 80 95
19 41 36 0 13 36 0 50 59 80 0 0 0 0 0 41 0 0 77 6
67 48 6 54 86 20 0 0 34 53 22 0 50 0 0 81 0 0 86 67
2 84 93 0 46 93 0 0 17 0 6 3 0 70 0 13 0 49 15 79
60 73 87 83 0 68 78 0 77 53 53 69 0 0 0 18 0 0 0 33
31 24 2 0 44 29 74 0 23 6 6 24 15 7 0 65 0 70 39 80
91 89 30 52 50 7 0 0 95 0 73 30 0 10 81 55 0 0 47 69
10 43 62 0 22 89 0 0 23 42 0 61 18 40 0 5 0 0 0 32
78 43 96 0 63 3 0 0 98 0 20 4 0 50 0 59 0 0 22 60
30 33 74 43 15 11 0 82 20 0 38 10 29 54 0 2 0 0 3 63
63 59 50 0 24 95 82 0 35 43 88 55 0 60 0 94 0 0 0 23
7 26 35 0 0 52 0 0 39 41 92 0 0 0 0 10 0 0 7 86
18 50 52 46 25 16 40 0 98 0 0 44 0 82 0 23 0 33 71 81
0 36 82 91 34 0 63 0 78 0 45 0 0 0 0 68 0 0 40 35
97 2 1 67 78 25 0 0 9 2 97 0 0 85 92 95 0 50 28 0
57 92 0 66 33 47 81 0 78 0 28 0 37 0 0 87 0 94 0 65
95 0 59 0 93 79 0 0 41 0 13 0 0 0 72 57 0 0 0 58
29 53 54 47 92 94 43 0 66 42 0 18 0 84 0 75 91 65 94 24
1 81 97 18 64 0 96 0 23 0 73 0 0 0 0 88 0 1 40 70
16 33 85 36 75 0 79 0 12 71 7 76 24 17 0 2 0 0 0 90
46 24 74 97 21 59 81 0 54 28 70 0 17 0 0 50 19 0 25 94
80 80 38 72 85 0 91 0 97 0 58 0 30 0 0 28 0 0 0 14
12 7 89 74 84 92 0 0 87 0 10 54 0 74 0 6 0 0 0 87
9 99 96 0 11 64 39 88 29 97 48 37 0 55 0 0 0 0 91 3
52 73 64 0 0 80 53 0 45 0 88 38 0 69 0 53 0 0 0 59
73 73 3 0 44 59 24 0 0 0 78 0 74 0 0 88 0 57 44 81
86 78 41 30 59 9 91 0 36 72 77 26 0 96 0 87 0 58 0 37
24 0 33 0 93 9 98 0 89 89 67 0 0 0 0 55 0 0 66 80
17 32 98 85 0 17 0 0 30 0 0 0 0 0 0 2 0 0 11 42
32 76 0 0 63 0 0 0 62 31 92 5 0 63 60 71 0 16 21 49
32 11 0 0 0 0 0 0 82 83 0 67 0 26 0 17 0 0 0 18
61 33 35 0 69 0 0 0 78 64 38 0 0 0 0 6 0 0 43 67
52 87 0 71 17 0 0 0 11 0 0 71 0 6 0 78 0 0 0 9
36 60 99 90 0 36 0 0 29 0 6 46 0 76 0 11 0 66 49 66
76 0 34 0 66 23 86 0 81 35 48 88 0 0 0 35 0 0 0 88
0 96 42 0 0 92 29 0 52 74 96 0 0 0 0 0 0 0 11 37
82 24 17 49 59 15 0 0 81 0 36 0 0 59 0 44 0 0 0 48
91 3 42 0 0 45 80 0 27 41 57 0 0 0 0 49 0 8 66 89
91 61 49 0 0 55 26 0 46 0 26 9 0 20 0 43 0 95 0 76
50 0 99 0 24 15 21 0 19 0 26 0 0 0 0 49 0 0 91 39
4 60 50 18 8 54 66 0 49 0 96 0 0 0 0 0 0 0 73 0
52 0 18 22 0 21 96 0 5 0 0 0 0 0 78 71 0 95 66 45
57 66 6 91 6 11 18 0 30 0 68 89 5 1 47 87 0 0 0 10
78 51 95 65 20 96 2 0 52 6 29 0 0 0 0 0 0 0 0 91
82 1 69 0 0 0 0 0 1 57 42 0 0 0 0 22 0 0 15 31
38 27 89 70 87 99 0 0 2 0 12 10 22 94 0 36 0 29 31 95
24 30 19 0 9 26 0 0 67 0 18 32 85 60 0 73 0 8 89 84
47 0 31 0 16 0 0 0 91 0 29 0 0 0 96 19 0 98 0 11
34 10 0 0 0 0 0 0 26 16 18 3 0 12 82 18 0 0 0 46
0 29 26 0 85 74 0 0 24 0 79 6 0 8 0 54 0 86 0 0
50 83 60 79 93 85 0 0 61 19 33 0 0 0 53 31 0 0 1 66
42 35 68 0 83 64 36 0 11 88 96 0 27 0 0 79 0 0 0 68
33 44 62 0 95 79 0 0 87 0 80 51 0 12 49 56 0 38 40 94
35 19 0 0 91 67 0 0 99 40 1 0 91 0 0 37 0 0 18 55
0 0 19 0 0 9 0 0 2 0 7 0 0 0 0 32 0 0 57 37
79 46 38 4 79 0 33 64 27 0 0 0 0 0 0 60 0 75 0 90
30 51 2 56 96 22 96 0 6 41 2 26 73 18 0 67 0 69 68 72
85 42 3 81 53 23 0 0 4 0 73 0 0 0 0 0 0 0 63 39
30 5 84 28 4 99 82 0 10 70 7 5 53 62 0 59 0 0 78 9
51 34 0 0 41 19 0 0 96 0 60 38 0 75 99 41 0 24 0 64
0 48 0 85 86 0 0 28 84 0 63 61 0 40 0 0 0 0 0 0
70 15 22 93 37 0 89 0 43 0 79 88 0 46 0 0 0 0 0 17
22 0 99 0 84 60 44 0 16 0 66 0 0 0 0 0 0 0 0 42
76 37 13 97 18 51 64 0 18 99 56 75 0 55 0 51 0 0 43 30
6 44 40 0 0 0 76 0 31 58 92 4 0 45 0 25 0 0 2 61
15 23 68 1 54 25 65 0 53 0 32 72 0 80 0 21 0 91 78 90
4 55 83 0 3 0 80 36 37 94 8 0 0 84 0 60 0 0 71 27
72 60 0 0 48 3 27 0 5 0 97 73 0 37 0 77 0 7 11 88
5 97 48 0 15 0 0 0 13 0 89 0 0 3 27 23 0 0 0 52
3 19 90 0 84 0 84 0 78 29 40 87 47 13 49 65 0 85 36 32
93 38 37 0 32 96 86 0 56 91 18 0 0 0 30 3 0 0 0 59
45 16 96 62 11 66 0 0 57 0 24 98 0 97 0 78 0 0 3 51
54 30 56 0 60 23 77 0 0 0 43 0 0 0 0 44 0 0 90 33
60 56 61 0 44 11 0 0 56 0 12 32 0 76 0 99 0 21 64 7
31 80 90 0 88 64 3 0 9 82 13 40 94 66 69 97 0 25 53 89
78 12 40 0 14 95 0 0 43 0 37 25 65 43 0 79 0 0 60 40
32 0 24 95 0 35 34 0 29 0 54 0 0 0 0 56 0 0 73 2
0 0 0 0 44 31 39 0 55 33 52 0 0 0 0 70 0 0 0 8
56 60 0 0 0 62 0 0 65 0 51 15 0 4 0 12 0 0 0 54
72 56 19 33 0 0 0 0 50 0 80 97 0 90 78 54 0 0 42 49
2 0 0 0 0 0 31 0 5 28 95 54 0 0 82 16 0 0 69 59
98 63 6 18 25 0 0 67 6 0 51 0 93 0 0 68 0 67 0 76
7 47 44 65 0 24 46 0 6 8 40 0 0 14 0 16 0 0 95 60
57 67 0 95 20 0 0 0 81 0 0 28 0 98 62 63 0 69 65 27
19 67 68 0 49 74 0 0 73 81 28 0 0 76 0 1 0 0 24 54
72 0 0 0 0 0 0 0 45 0 62 0 0 0 0 25 0 0 0 71
84 1 65 0 8 95 96 94 26 24 98 96 0 18 0 71 0 0 0 7
23 68 39 92 80 98 44 0 71 93 67 0 0 17 0 5 0 4 75 39
26 26 60 97 20 72 62 0 72 2 59 87 47 99 0 2 0 3 10 72
34 60 23 42 0 85 54 76 64 21 77 0 0 0 0 40 0 0 78 39
87 0 5 49 58 96 0 0 74 0 69 0 0 0 0 77 0 0 0 36
20 10 73 0 64 0 6 0 38 0 11 0 80 0 0 67 0 0 72 27
96 69 39 0 15 21 61 3 65 7 83 0 80 0 0 47 0 54 0 76
78 0 91 0 70 34 41 0 29 0 56 11 86 0 0 95 0 0 57 27
21 79 40 0 0 82 91 0 24 0 80 0 0 0 0 1 0 0 80 63
78 0 34 0 0 0 93 0 0 0 8 0 0 0 0 10 0 0 0 31
75 47 23 81 97 8 74 0 10 0 16 0 0 0 0 0 0 0 32 73
31 0 7 0 63 95 69 0 59 0 47 0 0 0 22 0 0 0 12 64
90 31 52 87 0 0 0 0 84 0 0 87 0 89 0 75 0 0 0 79
68 61 20 19 0 27 72 0 61 75 58 0 0 0 0 53 0 0 0 93
51 86 64 99 0 56 44 20 77 0 75 0 0 0 71 21 0 0 0 42
83 27 99 47 86 86 91 0 36 0 21 0 61 0 0 16 0 42 50 46
87 97 56 21 83 78 37 0 33 0 6 43 0 66 38 73 0 7 33 65
47 53 96 64 95 64 14 0 56 61 0 14 14 0 0 6 0 0 64 46
71 91 23 90 0 0 78 0 0 0 77 0 0 0 0 44 0 21 54 22
75 0 83 55 60 81 49 0 95 0 87 0 67 0 0 0 0 33 68 33
36 82 19 13 0 0 0 0 18 35 22 0 0 0 0 14 0 0 0 50
7 3 38 22 10 0 53 0 63 55 35 0 0 0 0 0 0 0 40 0
63 27 0 47 61 12 0 0 77 45 63 28 0 98 92 26 0 92 30 93
62 70 69 19 0 0 15 0 70 0 33 58 5 87 0 0 0 2 93 0
60 71 67 49 19 49 0 82 93 0 56 0 63 0 0 56 0 0 0 45
68 48 0 0 48 49 0 0 22 70 37 0 29 0 0 75 0 37 71 56
26 12 7 10 20 37 60 0 39 68 39 0 36 0 0 67 0 8 76 64
73 3 77 51 66 0 53 0 25 33 26 0 0 0 0 90 23 72 7 88
88 96 0 0 52 0 38 0 65 61 45 0 37 0 0 24 0 1 98 0
71 29 66 10 51 54 39 0 70 3 58 0 0 0 0 65 0 31 0 41
84 33 29 25 82 42 0 0 94 42 20 69 0 83 0 89 0 23 99 62
0 32 70 2 28 0 0 0 48 3 1 0 18 0 0 83 0 0 0 70
56 86 5 0 62 72 3 0 2 87 37 68 0 26 0 22 0 0 86 31
57 7 79 35 22 50 59 0 90 64 87 14 55 24 0 48 0 0 25 26
0 0 28 0 97 0 4 0 11 51 0 0 0 0 0 22 0 0 55 48
71 0 78 0 49 2 0 0 27 14 38 0 0 0 0 0 0 0 0 59
24 88 0 6 0 69 72 0 51 25 69 0 0 0 0 1 3 0 84 78
47 43 12 3 98 0 23 0 14 82 63 45 0 50 6 8 0 0 83 87
19 66 26 98 29 0 19 0 86 0 68 16 0 5 0 1 0 28 0 67
86 30 0 0 99 83 0 0 11 0 52 76 0 95 0 35 0 15 0 65
29 10 0 61 33 0 18 0 99 60 0 0 0 0 0 41 0 0 34 63
56 93 2 65 74 65 40 0 95 65 42 0 96 0 23 84 0 65 73 60
48 77 7 0 63 55 10 0 87 0 31 83 0 82 0 37 0 0 94 29
24 29 69 0 73 0 28 0 66 21 11 0 54 39 0 17 0 58 0 32
45 77 69 0 89 16 9 0 0 49 12 23 0 20 0 81 0 37 32 97
29 80 20 0 0 28 83 0 19 90 9 0 0 92 0 26 0 0 60 8
45 45 71 81 82 0 30 0 43 0 52 7 86 85 0 54 0 62 25 18
99 79 8 34 88 19 66 0 47 4 21 92 92 94 45 70 0 0 0 89
59 96 89 0 78 41 0 60 67 0 84 0 1 0 3 0 0 0 73 62
64 60 45 75 92 3 15 0 58 0 74 88 0 99 0 43 0 0 13 8
48 4 49 0 47 98 31 0 58 0 0 85 0 52 0 57 0 0 0 71
76 31 38 64 0 25 16 0 35 23 0 96 0 0 0 23 0 48 0 50
19 33 11 54 56 91 54 0 60 0 3 81 0 95 0 18 0 0 57 95
48 0 49 0 34 0 1 0 24 0 69 0 0 0 0 82 0 44 23 8
5 22 63 0 12 70 7 0 99 0 6 6 66 2 0 41 0 45 42 80
0 84 0 0 42 62 0 0 63 99 2 28 0 94 20 25 0 0 15 23
57 86 63 47 62 98 9 29 49 0 58 47 0 86 0 44 0 36 98 65
0 82 12 0 15 0 24 0 7 0 81 0 0 0 0 25 0 0 87 24
30 13 0 0 13 95 59 0 3 0 60 73 20 16 0 5 0 0 51 74
0 82 86 0 26 0 0 0 79 0 85 82 0 30 0 30 0 21 0 77
73 23 91 98 1 96 88 0 55 0 90 10 0 17 0 26 0 87 41 33
82 9 75 42 53 23 0 0 91 0 45 35 0 4 0 0 0 0 90 5
27 71 58 73 60 0 0 57 76 0 66 0 14 0 62 35 0 45 22 29
87 0 87 0 0 18 0 0 74 85 91 0 0 82 0 30 48 18 0 83
24 46 2 80 65 42 99 0 15 81 4 85 0 0 0 52 0 98 99 84
82 0 26 9 51 52 0 0 93 98 43 0 0 5 0 59 0 75 98 32
80 35 48 61 4 38 0 0 36 0 0 69 94 0 0 19 0 63 93 0
58 1 84 92 0 40 0 0 86 87 42 78 57 64 0 0 0 87 0 11
91 18 1 60 53 0 0 27 9 25 0 0 8 14 0 50 0 53 0 4
72 7 17 0 82 0 99 0 94 0 2 13 0 70 0 90 0 49 87 6
54 38 0 47 81 40 70 0 46 0 13 0 0 0 0 12 2 30 41 59
7 48 71 0 32 0 96 0 77 0 75 0 55 0 70 31 0 0 0 21
5 29 81 0 0 85 0 0 61 0 50 0 0 0 0 0 0 0 0 2
96 65 27 26 36 32 0 0 77 72 1 0 0 0 0 3 0 20 0 0
90 19 90 81 57 63 0 0 33 27 32 0 0 0 0 57 0 11 77 84
4 75 90 1 79 78 47 0 44 0 79 0 0 50 0 94 0 0 74 22
5 55 41 34 80 40 0 0 90 39 98 0 0 0 65 53 0 55 15 18
74 54 8 85 0 0 0 0 34 0 69 0 0 66 0 0 0 0 0 6
83 5 34 0 88 84 0 13 96 0 18 7 0 4 0 18 0 0 1 34
24 25 66 44 9 78 71 3 34 5 30 75 64 50 0 11 49 85 59 30
50 74 56 4 97 0 0 0 24 0 3 0 0 0 0 0 0 0 0 35
28 0 4 0 9 29 81 0 82 95 87 0 0 0 0 4 42 0 0 63
93 0 79 0 69 47 0 0 6 58 21 0 0 0 0 93 0 0 0 64
61 77 48 0 7 92 64 0 61 55 76 0 60 0 0 30 0 0 70 72
88 43 10 0 0 16 94 0 5 39 16 23 0 68 0 29 0 0 0 96
30 77 49 91 26 0 75 0 16 66 67 0 0 0 0 88 0 26 19 8
36 30 91 66 0 0 0 0 51 80 0 0 0 0 0 65 0 0 0 58
3 68 17 50 54 34 55 0 36 0 17 70 72 66 0 9 0 0 0 70
0 22 86 0 76 89 95 0 97 0 53 40 81 62 0 99 0 0 95 76
45 12 16 58 41 0 13 0 71 0 0 27 70 33 0 97 0 0 0 1
48 0 69 0 98 0 76 0 69 2 14 0 88 0 0 0 0 20 40 24
30 48 3 86 90 44 0 0 30 3 76 0 19 0 0 45 0 94 0 43
49 0 0 0 57 32 97 0 93 0 31 0 0 0 0 92 0 0 93 3
26 76 31 0 10 64 75 49 16 99 34 0 21 0 0 78 0 0 0 57
22 0 74 79 20 5 11 0 43 17 0 0 45 10 0 19 0 0 0 2
76 48 96 0 46 20 30 0 90 0 61 0 0 0 0 68 0 67 91 94
60 56 18 86 5 92 0 0 54 31 16 70 0 64 0 28 0 11 0 94
95 31 0 78 75 25 14 0 38 13 80 0 0 0 50 6 0 0 0 57
91 44 23 0 0 89 0 0 42 0 0 91 0 63 0 16 0 0 0 61
13 42 11 59 26 59 2 0 5 0 28 94 0 16 95 8 0 6 31 79
72 86 0 20 51 0 0 0 21 26 71 21 0 65 0 36 0 8 96 41
44 18 25 73 35 62 85 0 0 0 19 0 0 0 0 58 0 0 69 4
1 59 60 41 31 0 0 0 33 22 81 0 0 0 0 39 0 0 22 67
46 47 4 56 88 46 0 0 75 0 18 0 0 0 0 21 0 78 0 34
78 1 88 23 90 0 72 0 26 91 3 67 0 66 0 97 0 0 11 12
18 60 80 0 0 64 66 0 48 0 19 0 0 0 4 81 0 40 0 74
91 93 0 0 28 26 72 0 44 54 0 2 41 87 0 17 0 56 77 46
93 58 61 0 23 69 4 89 44 0 36 31 0 23 26 87 0 0 26 0
0 56 0 0 67 75 7 0 24 0 3 98 0 77 0 50 0 16 22 62
40 20 0 92 0 53 84 0 8 0 47 24 0 78 0 69 0 0 68 5
77 67 36 41 78 70 50 0 19 77 0 49 19 55 66 35 0 33 32 32
38 31 74 0 95 99 0 0 51 0 25 0 66 79 0 79 0 0 49 78
12 0 84 0 90 0 0 0 70 92 0 0 0 46 0 22 0 0 0 37
78 13 15 69 21 0 0 0 32 89 17 63 0 95 0 28 0 0 27 23
90 5 0 3 53 97 0 0 49 32 29 1 43 93 0 15 0 55 81 73
38 0 93 0 0 94 2 0 43 43 13 0 0 0 0 30 0 0 45 54
90 25 43 59 0 98 79 0 72 21 0 0 81 0 0 36 0 0 0 23
41 72 61 0 0 18 88 0 38 0 0 46 0 91 0 45 0 0 43 61
28 35 43 0 85 76 0 38 66 0 0 97 19 17 0 55 0 0 33 86
56 50 32 98 0 29 0 0 53 12 44 0 0 0 0 67 0 0 0 87
28 75 60 46 15 91 0 0 3 7 0 90 0 78 0 0 0 0 0 0
38 27 2 0 46 26 0 0 14 0 63 49 0 54 75 39 0 0 48 80
67 93 23 58 0 43 81 0 22 81 70 0 0 0 0 39 0 4 82 86
45 55 81 91 20 49 76 0 92 24 10 0 66 0 0 23 0 68 17 65
7 74 76 83 93 0 93 0 93 0 85 0 0 0 0 7 0 0 53 87
54 0 5 0 0 6 72 0 49 5 0 0 65 0 0 0 0 80 97 83
55 2 77 10 2 24 38 0 75 37 82 76 0 32 97 62 0 52 84 21
38 89 14 0 84 0 0 0 28 77 2 16 14 31 0 39 0 75 0 96
97 9 0 0 25 88 0 0 96 84 28 24 72 36 0 91 0 0 18 41
0 29 5 0 85 28 58 0 41 0 0 0 0 0 0 63 0 0 0 15
70 39 75 0 75 0 42 0 82 52 75 8 0 74 0 39 0 0 59 93
57 61 66 38 99 2 9 0 46 0 4 0 0 0 0 35 0 0 98 43
13 85 66 78 98 69 27 0 4 96 23 99 36 20 0 85 83 0 95 89
58 89 26 0 0 0 0 0 0 71 68 0 0 0 0 88 0 43 94 52
15 94 33 41 0 46 0 0 44 0 83 35 0 1 0 87 0 0 0 14
76 0 48 0 11 0 11 0 42 0 13 67 0 50 0 67 0 0 88 1
98 49 73 0 60 5 0 0 32 0 95 82 63 78 0 98 0 0 70 42
46 3 26 71 57 0 0 0 1 0 62 0 0 0 70 53 0 0 0 89
19 9 24 57 1 24 0 64 43 0 74 0 0 0 0 47 0 0 0 61
72 55 71 94 95 0 79 0 44 0 55 72 0 29 10 0 0 0 3 54
51 29 16 72 1 0 90 0 6 0 0 72 0 0 0 56 0 1 89 64
19 62 38 0 0 0 0 0 62 65 99 82 0 51 0 14 0 0 0 89
30 31 74 99 33 0 0 0 75 0 76 29 0 81 0 23 0 0 0 47
18 26 50 82 62 0 59 0 12 71 29 0 0 74 0 66 0 0 72 46
60 0 47 0 65 80 0 0 54 0 42 0 0 0 0 39 0 0 0 73
70 41 93 34 71 0 73 46 25 14 78 13 0 51 0 21 0 0 69 68
48 90 89 2 94 26 0 0 41 0 42 0 0 0 0 6 0 0 75 34
92 98 0 48 95 69 19 0 60 0 25 0 0 62 0 18 0 94 25 7
35 69 73 17 62 34 52 0 39 0 61 0 0 0 0 45 0 0 31 16
68 57 97 31 0 34 2 0 81 14 69 14 0 39 0 41 0 0 73 36
13 90 50 0 89 0 57 0 49 0 69 85 42 37 0 62 0 0 0 30
54 81 54 0 67 38 31 0 94 0 32 0 59 0 0 30 0 45 0 98
22 28 14 0 73 37 74 0 38 7 0 0 0 0 0 35 0 0 35 21
58 66 6 0 96 86 9 0 97 33 16 0 63 0 12 62 80 14 0 3
26 46 75 0 91 94 0 0 50 40 38 92 0 43 0 56 17 17 90 9
65 19 18 16 64 0 0 0 40 0 32 44 0 70 0 79 0 0 0 36
55 34 43 70 82 44 3 0 27 55 34 0 0 29 0 33 0 49 81 87
0 45 6 0 11 0 0 0 62 96 77 24 27 63 0 55 0 0 98 8
31 3 89 0 2 18 85 0 83 88 36 63 0 35 0 71 0 30 0 43
71 90 71 31 59 13 42 0 86 96 4 90 10 70 0 33 0 25 85 55
47 76 21 0 58 40 90 0 78 0 5 16 82 29 0 34 0 0 0 0
99 35 70 56 9 0 66 0 60 0 93 0 0 0 0 63 0 76 20 56
99 99 85 0 88 90 46 0 41 74 33 41 54 35 48 77 87 10 0 86
41 96 6 75 48 0 32 0 66 0 5 0 0 20 0 77 0 0 0 16
54 27 78 0 22 60 0 0 10 43 81 0 0 34 0 20 0 0 0 79
10 0 71 73 79 18 83 0 79 0 58 0 61 0 0 79 0 0 64 25
80 70 82 21 76 0 20 0 94 0 47 86 0 37 70 34 0 0 32 0
38 60 92 5 94 84 0 0 21 45 10 0 0 0 0 48 0 0 0 28
70 9 54 48 61 21 0 0 72 0 85 0 86 91 0 20 0 0 0 99
60 56 20 51 29 0 51 0 87 0 94 0 44 96 0 0 0 42 2 85
80 0 89 0 21 0 67 0 67 0 63 0 59 0 0 65 0 0 35 21
68 65 83 76 81 0 19 0 51 0 18 0 0 0 0 19 0 21 61 85
63 4 29 17 56 90 0 0 1 55 35 0 0 0 0 31 0 0 0 93
71 81 50 77 30 4 0 0 13 0 16 0 0 0 0 0 0 0 44 0
19 10 57 46 0 73 44 0 6 96 33 0 53 0 0 9 0 98 59 16
68 82 22 0 42 94 54 0 1 0 96 95 3 96 0 45 0 33 98 52
30 76 80 48 57 96 43 0 45 37 71 0 0 0 0 1 0 0 93 37
56 76 29 11 5 30 0 79 7 9 67 1 78 50 35 42 0 0 74 38
41 40 86 20 16 64 0 0 44 0 86 51 80 70 0 47 0 0 0 9
14 41 0 39 48 0 0 3 93 0 41 75 0 4 50 29 0 0 0 8
96 64 73 5 17 8 0 0 47 46 52 0 0 0 0 93 39 0 0 34
23 24 0 92 81 42 68 0 13 0 34 74 0 54 0 20 0 0 17 96
62 42 0 80 68 0 13 0 5 67 0 26 48 13 93 26 0 0 0 7
80 63 28 40 90 0 89 0 17 0 0 65 0 0 0 54 0 36 0 98
85 60 0 48 86 0 0 0 10 0 43 52 0 44 0 18 0 33 0 0
49 51 40 0 10 99 47 63 21 0 15 0 0 0 0 32 0 8 18 6
40 20 28 0 0 0 64 0 87 0 0 61 0 9 0 25 0 0 0 98
90 99 28 13 14 90 0 0 68 87 69 68 1 27 0 12 0 43 77 58
34 35 42 0 24 20 37 0 15 95 91 5 0 20 14 22 0 0 16 5
0 87 33 0 57 73 67 0 76 0 7 57 0 68 0 58 0 70 8 90
21 51 91 0 0 0 3 0 96 0 80 0 0 0 0 0 0 0 34 5
18 0 17 22 65 92 48 0 45 0 0 0 0 0 63 48 0 36 23 31
30 83 22 0 26 55 71 0 29 0 52 93 67 39 0 7 0 0 0 19
52 0 23 0 5 85 0 0 0 0 35 0 0 0 0 63 0 0 0 4
89 81 34 0 0 53 0 0 88 55 73 52 0 67 0 71 0 50 18 39
85 83 86 97 55 0 0 42 1 0 99 0 0 0 0 49 0 0 0 64
21 13 2 0 20 78 8 0 27 66 32 0 0 0 0 45 0 0 42 23
69 72 0 59 13 11 15 0 72 1 26 0 0 0 61 98 0 86 66 16
49 87 47 98 94 85 41 41 14 77 40 2 54 0 13 82 0 72 97 54
72 13 94 17 71 30 80 0 83 54 76 0 0 0 0 46 48 0 21 7
95 16 66 15 17 26 97 0 43 96 0 0 0 0 0 85 0 54 47 33
26 72 37 0 0 52 86 0 32 59 23 15 0 11 0 99 0 3 0 29
18 0 35 71 34 52 47 0 68 63 70 0 10 88 0 83 0 11 0 10
15 92 86 0 31 89 94 59 79 0 43 0 38 0 0 23 0 0 73 84
96 40 0 2 8 34 0 0 17 99 36 83 0 32 17 7 10 0 0 82
47 59 17 19 0 61 0 0 56 0 25 0 0 0 0 67 0 0 0 50
20 41 82 45 0 0 0 0 33 0 0 23 0 53 0 4 0 0 19 18
0 92 49 4 57 0 22 0 75 0 87 26 0 56 0 43 0 8 71 56
99 45 56 0 87 48 85 0 28 0 47 91 0 97 0 31 0 0 88 85
71 0 47 54 83 29 76 0 49 85 72 0 0 60 0 27 0 0 0 8
94 31 90 70 0 46 85 0 14 0 16 0 0 0 0 0 0 0 55 73
5 91 81 68 31 57 0 0 11 0 23 0 3 12 0 59 0 0 95 4
51 35 17 24 2 0 80 0 45 23 85 0 0 0 0 30 0 67 0 99
48 22 10 40 79 30 68 0 46 16 11 0 0 31 0 4 0 0 29 44
66 3 0 28 58 0 15 33 61 76 12 64 0 23 0 58 0 0 5 55
86 59 87 0 0 0 67 0 62 86 74 96 79 87 0 27 0 35 0 76
14 80 52 0 33 92 88 0 12 0 53 50 44 68 0 90 0 0 0 3
26 0 57 65 0 0 21 33 60 0 24 0 0 0 4 3 0 0 0 0
72 85 27 0 90 56 0 17 60 0 39 0 72 0 37 91 0 31 0 43
88 15 0 54 91 0 30 0 12 63 74 3 0 78 0 55 0 0 35 70
35 56 84 0 0 4 0 0 58 13 99 83 88 26 0 30 0 62 17 0
99 0 1 0 69 33 78 0 19 1 30 0 0 0 0 70 0 0 19 22
57 79 56 91 48 82 0 0 75 0 22 0 0 0 61 1 0 0 7 33
2 3 54 39 48 48 23 0 79 51 73 50 0 80 0 7 0 52 48 0
77 90 32 95 17 72 0 0 81 2 47 0 0 81 0 16 0 0 46 25
25 2 58 50 39 31 27 0 47 30 57 0 0 0 0 62 26 0 28 48
86 99 25 1 52 86 0 0 20 93 48 98 15 54 0 92 0 80 0 17
48 48 86 0 52 77 21 0 8 0 22 39 0 89 52 76 0 82 0 15
42 35 31 35 4 25 72 0 88 87 53 83 73 63 0 25 0 0 0 93
11 79 0 0 0 0 0 49 64 86 6 41 0 20 0 83 0 0 0 26
76 23 39 1 0 22 74 0 68 27 67 0 0 0 0 41 0 81 0 20
16 66 32 0 92 0 82 0 43 0 66 32 10 35 0 86 0 0 59 95
53 92 54 5 32 69 24 0 96 80 82 60 32 40 0 6 0 0 67 62
76 57 3 36 84 52 90 0 63 0 91 67 62 54 0 70 0 0 0 89
48 52 97 41 86 75 60 0 92 36 49 57 0 11 0 31 0 0 23 77
65 67 17 86 31 41 0 0 21 0 38 0 0 17 0 0 0 59 0 71
93 2 26 87 38 75 0 0 31 0 33 93 22 92 0 37 0 27 0 76
63 85 93 76 67 22 64 0 25 40 53 0 0 0 0 18 0 0 94 72
45 24 33 98 33 82 30 0 37 13 63 43 4 36 66 39 7 32 42 89
56 26 73 0 74 50 0 72 62 22 96 0 75 3 0 86 0 0 0 61
64 23 71 33 45 81 0 0 64 66 35 79 0 90 0 3 0 83 0 79
37 7 71 0 38 59 55 0 93 28 40 0 0 0 0 5 0 0 55 0
0 39 77 96 0 94 86 0 57 0 50 0 0 0 0 59 0 34 0 92
19 98 85 18 9 71 33 0 27 89 4 50 0 93 0 41 0 99 80 12
63 75 44 65 0 0 0 0 74 3 46 0 0 0 0 10 0 87 0 4
50 73 74 0 35 88 11 0 99 0 17 85 0 42 68 79 0 0 64 28
0 2 0 70 24 0 55 0 45 0 31 73 0 0 0 0 0 0 0 24
99 0 0 9 0 0 14 0 86 11 4 0 0 0 46 1 0 57 3 89
70 85 30 0 51 80 15 0 85 0 64 69 0 5 0 37 0 0 87 8
22 95 48 83 50 0 0 0 61 0 17 14 0 36 2 13 0 0 3 10
3 81 91 1 60 40 0 0 78 0 14 0 0 0 0 62 0 0 0 42
6 66 20 29 14 40 49 0 68 97 73 6 0 5 4 0 48 83 76 34
95 31 31 4 71 66 53 53 23 61 85 0 22 0 0 63 0 22 35 20
16 0 0 63 62 0 13 0 58 2 33 0 0 0 0 36 0 0 0 69
29 6 81 0 0 59 58 49 13 2 96 11 48 93 0 23 0 0 70 52
85 58 70 88 0 0 31 0 78 0 0 42 0 55 36 88 0 0 37 75
61 38 54 25 98 55 88 0 8 44 6 82 75 67 0 96 0 0 5 92
88 51 22 70 77 44 9 0 51 0 87 84 0 51 0 97 0 16 70 9
5 4 40 0 6 0 59 0 10 16 98 88 0 0 0 55 0 62 40 69
10 64 45 21 37 12 40 0 0 0 81 91 0 17 66 15 0 0 0 7
59 41 10 13 44 5 23 0 20 90 57 35 0 96 0 73 0 0 0 1
52 47 90 34 44 89 0 0 43 96 48 41 40 84 0 95 0 0 41 54
72 55 16 0 64 17 52 0 27 0 70 95 0 72 0 87 0 0 0 87
34 0 93 0 62 68 99 0 17 0 95 0 0 0 0 39 0 0 66 10
49 20 98 61 16 32 85 88 84 34 64 0 0 0 0 61 0 0 92 90
23 64 40 0 0 48 0 0 62 1 37 78 0 34 0 35 0 72 0 98
68 27 24 0 17 0 94 0 40 0 71 0 0 0 0 40 0 97 0 29
55 92 50 0 58 97 0 0 89 13 2 96 0 60 38 44 2 50 0 19
62 87 50 0 0 0 77 0 25 88 3 78 0 48 0 41 0 99 33 78
5 76 53 0 53 28 0 0 44 0 82 94 0 88 54 22 0 0 0 0
98 92 33 97 99 0 58 0 75 18 22 19 30 47 0 64 89 14 40 13
13 50 0 0 0 0 83 0 51 3 97 16 0 76 0 0 0 0 0 52
53 0 57 94 75 55 79 0 10 0 72 17 0 0 0 31 0 0 81 19
0 36 0 0 78 0 11 0 11 0 95 83 0 74 0 68 0 0 76 60
20 80 96 9 84 82 36 8 95 0 83 75 0 51 25 0 0 0 65 0
64 95 27 0 95 0 83 0 45 0 88 28 0 59 0 0 0 0 99 21
98 46 1 71 17 0 0 0 14 0 0 88 44 60 0 93 0 33 0 15
12 96 17 11 25 71 0 0 32 74 91 77 0 38 0 12 0 0 99 17
97 51 0 90 72 0 1 0 47 0 31 10 6 27 0 19 0 0 0 88
59 64 31 92 18 48 89 0 52 0 76 0 91 0 0 0 0 0 0 44
22 0 71 92 11 3 9 2 12 12 28 0 0 0 0 4 0 68 0 88
79 18 54 0 77 55 0 0 0 58 44 50 0 66 0 7 0 0 86 53
55 56 20 0 2 0 51 0 52 30 37 0 75 0 0 6 0 11 0 13
61 67 53 20 13 99 47 17 16 80 30 31 0 1 0 71 21 0 16 28
87 0 32 63 77 44 59 0 25 66 55 95 0 5 0 13 0 84 0 13
76 98 0 0 90 0 67 0 7 0 41 93 0 10 29 0 0 0 2 0
25 39 50 47 40 32 37 0 26 73 39 19 0 77 0 8 0 0 26 6
28 2 20 70 73 21 24 0 39 0 0 0 0 0 0 20 0 0 87 0
59 87 0 89 8 92 78 0 3 95 17 0 0 0 0 59 0 0 4 76
3 52 35 39 30 61 25 0 67 88 47 4 6 92 11 47 0 66 16 26
24 84 92 0 71 75 0 0 9 66 64 91 0 72 0 0 33 7 0 94
73 33 70 44 0 88 0 0 62 0 3 23 0 24 0 55 0 0 76 13
88 21 89 89 84 0 6 0 25 0 86 0 0 0 0 96 0 15 62 62
8 91 79 82 23 96 32 0 71 0 72 23 44 54 28 27 0 0 39 0
42 7 91 1 70 11 68 0 46 10 0 81 0 16 0 86 0 0 0 13
76 88 85 0 39 0 0 0 39 0 33 47 0 98 0 47 0 61 0 9
20 6 75 0 0 54 0 0 78 12 40 0 0 0 0 37 0 0 4 11
15 28 79 86 67 37 19 0 97 0 40 90 43 51 0 32 0 47 0 18
29 99 45 0 71 36 0 0 28 0 56 0 31 0 0 70 0 0 90 47
26 0 67 0 98 94 0 0 91 0 76 0 0 0 0 58 0 0 0 67
35 37 0 0 91 98 3 0 92 0 45 69 0 14 0 12 0 0 0 83
55 95 51 69 38 54 0 0 27 0 86 17 91 2 75 62 0 0 14 69
71 12 83 0 7 0 50 0 22 0 55 80 0 0 0 92 0 51 15 83
32 27 23 0 49 71 0 0 74 25 56 0 27 0 0 12 65 21 35 65
9 83 45 96 30 33 50 0 14 0 55 0 0 0 64 88 0 28 77 74
56 49 0 0 11 52 34 0 25 80 92 28 28 94 20 29 0 0 58 57
12 91 3 0 97 43 0 0 71 79 82 0 0 0 0 87 0 0 10 53
81 44 66 26 63 0 74 0 25 0 97 72 0 12 0 4 0 0 0 17
14 73 38 0 1 9 13 0 12 59 50 2 93 82 0 64 0 0 0 18
45 36 23 27 0 1 0 0 90 6 43 0 0 0 0 65 0 40 64 46
0 31 3 0 51 20 0 0 75 3 12 0 0 0 92 97 0 86 59 1
0 52 0 20 99 5 32 0 55 69 36 8 0 35 0 16 0 0 22 79
36 75 15 34 76 0 0 0 1 11 57 0 0 0 65 33 0 79 1 74
77 95 27 48 31 56 76 0 84 55 42 88 59 75 0 34 0 25 18 87
28 0 67 10 5 0 74 0 29 39 32 0 0 23 0 57 0 0 0 39
4 30 23 0 93 84 0 0 31 82 0 78 0 43 0 9 0 0 0 39
94 84 7 99 81 43 81 0 65 1 75 87 50 24 0 48 0 54 6 37
43 28 0 0 0 28 0 0 31 54 45 35 77 42 0 29 0 0 0 30
57 69 36 0 9 0 0 0 13 98 90 38 60 11 0 75 10 78 93 67
61 24 51 91 56 0 82 0 86 31 37 0 86 0 0 20 0 0 48 41
54 98 71 0 93 83 0 0 0 0 71 63 0 19 73 3 0 71 26 21
22 60 29 0 0 5 17 0 23 12 2 0 73 0 95 98 0 0 2 46
59 93 20 0 68 85 0 0 43 0 53 41 0 75 23 11 0 0 0 9
44 76 87 0 65 0 36 0 14 42 85 42 0 42 99 49 0 0 0 62
47 28 79 49 79 60 29 44 66 44 47 82 15 59 50 63 0 1 15 77
30 0 88 38 97 24 97 0 26 0 0 0 0 0 0 0 0 26 35 0
3 57 32 0 51 77 68 0 68 0 26 51 0 70 58 97 0 67 0 16
57 13 83 0 47 60 0 0 5 0 68 0 0 0 0 4 0 0 0 39
53 88 94 81 70 13 0 0 71 55 25 0 0 0 0 56 0 0 65 6
96 29 85 39 4 82 39 0 22 0 96 0 30 0 0 94 0 0 88 70
86 78 36 36 82 37 19 75 11 7 34 0 0 0 0 32 0 0 0 63
34 99 15 0 0 15 91 0 97 86 79 40 0 51 0 37 0 0 0 90
56 2 66 0 25 59 0 0 27 0 66 67 0 94 0 43 0 95 62 82
25 95 74 0 96 16 0 0 91 0 47 45 20 46 0 0 0 45 27 0
62 80 54 0 30 81 60 0 52 0 15 42 45 62 0 5 0 0 0 97
44 72 2 55 52 37 0 0 10 23 39 0 82 0 0 14 0 0 6 60
7 93 44 40 0 24 0 0 0 99 19 47 0 77 0 0 0 0 39 75
52 30 35 50 43 80 90 0 71 47 91 0 91 59 66 44 51 63 22 48
35 41 45 49 0 41 33 0 7 0 39 0 71 0 0 70 0 49 6 88
48 5 84 42 0 66 76 77 97 0 0 98 0 19 0 54 0 0 0 22
84 97 79 17 57 0 0 0 32 94 46 66 0 97 0 0 0 0 0 81
31 0 32 0 6 54 0 0 89 30 87 0 46 0 0 89 0 0 47 59
59 20 24 1 0 83 0 63 16 0 74 0 0 0 0 97 0 10 36 72
20 66 25 96 19 68 12 0 20 0 10 36 99 72 94 5 0 4 0 0
93 96 51 88 53 75 85 0 38 0 29 0 0 0 0 61 0 0 0 81
37 91 0 9 81 31 0 0 92 0 89 0 58 8 0 2 0 75 0 38
22 0 5 18 58 0 63 0 35 0 10 0 0 33 0 59 0 55 0 62
30 0 0 67 10 0 0 0 0 86 0 0 0 76 0 4 0 97 0 7
49 75 16 77 84 30 93 0 99 46 48 84 0 54 0 41 0 0 11 33
81 0 63 59 85 54 98 0 51 0 54 0 99 0 95 34 0 85 53 73
50 76 43 0 0 0 24 0 0 59 68 77 0 24 0 87 0 75 0 12
0 24 59 0 72 80 14 0 34 0 22 44 17 1 0 14 0 0 0 87
91 42 15 0 94 0 0 0 61 96 3 50 0 56 0 36 0 40 0 39
31 47 73 0 0 56 25 66 36 0 76 0 0 54 0 10 0 58 69 36
77 97 10 77 51 3 20 0 66 32 84 2 90 76 12 74 0 0 75 75
17 0 93 0 0 0 0 0 50 71 0 0 0 0 0 52 0 18 0 72
19 9 42 93 0 2 59 0 70 98 75 0 0 0 0 67 0 0 0 84
75 54 50 0 21 63 54 0 63 0 13 0 0 82 10 80 0 0 0 40
84 0 7 0 92 69 77 0 27 0 22 0 0 0 0 40 0 75 80 28
96 95 69 91 0 53 60 0 73 0 10 59 71 54 0 29 0 88 50 8
74 0 98 41 37 86 80 0 8 0 0 0 0 0 0 47 0 0 42 85
87 0 0 5 24 87 0 0 30 74 34 0 0 0 0 70 0 0 0 69
71 0 0 8 27 0 0 0 68 0 42 0 5 0 0 40 0 65 0 27
73 97 0 76 0 88 21 0 55 47 12 50 0 87 0 5 0 0 96 42
61 85 20 25 5 50 75 0 34 0 25 0 42 93 0 85 0 52 99 61
7 24 93 0 25 0 60 0 39 23 9 0 67 0 0 18 0 78 39 75
57 69 95 41 55 11 57 0 98 73 0 79 3 5 0 33 0 92 6 60
88 0 69 33 0 26 17 0 11 28 0 72 0 0 0 60 0 14 0 1
15 18 63 13 36 10 82 0 76 0 94 0 86 0 0 9 0 0 11 13
66 0 19 40 0 33 76 70 12 15 67 0 0 0 24 44 0 0 0 3
78 50 94 47 62 43 31 0 59 0 6 10 10 2 0 36 0 29 93 97
68 0 75 0 20 42 13 0 54 0 0 0 0 0 0 0 0 83 0 74
99 19 0 38 5 0 0 0 45 76 80 39 0 47 0 23 0 0 91 2
36 46 38 96 58 0 0 0 10 0 51 0 0 0 0 64 0 0 0 92
74 0 0 76 60 43 94 0 27 47 18 0 0 0 0 66 0 93 21 45
30 11 71 0 32 0 72 0 67 36 34 0 0 0 0 94 0 0 0 29
94 57 97 86 32 68 72 0 3 55 0 0 0 0 0 36 0 10 0 49
23 9 6 0 50 0 0 13 94 0 44 0 0 70 0 0 0 76 0 77
73 93 20 0 85 0 44 0 30 0 18 33 0 21 0 78 0 9 65 85
60 54 53 55 0 0 16 0 31 93 47 60 67 45 0 69 0 82 0 59
58 53 43 5 29 51 85 0 27 0 59 0 22 0 0 22 0 0 0 82
78 23 63 0 90 0 0 0 37 0 29 0 0 0 0 78 0 0 51 0
5 0 69 47 89 76 45 0 53 0 2 0 0 0 0 45 0 88 36 47
78 94 2 0 76 0 65 0 66 0 53 1 20 79 0 11 0 0 90 67
47 40 52 40 81 42 54 0 73 0 62 67 0 35 0 51 0 0 75 78
32 2 47 51 54 37 0 0 66 0 47 0 81 0 0 84 0 60 39 72
71 51 17 68 29 0 16 0 67 95 1 25 0 92 0 58 0 0 0 47
87 74 79 50 67 72 59 0 25 74 92 0 79 31 0 29 0 81 50 31
33 31 47 0 60 74 0 28 35 0 36 0 85 0 0 37 0 0 0 81
65 23 96 0 65 69 0 0 93 0 86 0 0 0 41 17 0 0 65 49
0 12 0 17 26 0 97 0 48 63 66 47 0 0 1 60 0 34 0 49
45 74 21 12 87 65 77 0 71 0 84 0 0 0 0 86 0 27 74 95
21 33 6 15 48 9 0 0 3 79 74 0 83 52 0 64 0 0 0 2
0 0 47 0 5 4 0 0 85 6 27 0 10 0 0 37 0 0 0 94
10 23 37 0 5 12 0 89 40 0 60 0 20 0 0 15 0 0 0 97
29 17 85 33 76 13 42 0 93 0 52 0 0 0 0 50 0 55 43 89
54 70 40 0 72 7 0 0 48 29 4 27 0 88 0 67 0 26 0 18
91 85 28 2 0 55 71 0 91 49 66 92 0 0 0 26 0 41 74 3
91 61 0 5 29 61 72 0 58 0 2 0 75 92 0 26 0 0 45 87
95 8 80 0 0 51 0 0 19 12 13 16 0 98 0 37 0 0 0 16
4 79 66 0 83 29 0 0 78 0 94 91 0 93 0 64 0 98 24 77
12 0 30 0 0 62 0 0 46 8 0 40 0 0 0 89 0 50 0 29
38 48 75 38 74 53 0 0 0 32 11 12 0 7 0 18 58 0 49 96
61 46 0 76 34 35 67 0 65 36 75 72 0 0 0 33 0 0 0 47
0 51 27 0 0 8 0 0 12 38 48 19 0 9 8 32 0 0 75 69
71 71 93 0 7 23 0 0 76 94 71 10 0 31 0 0 0 0 15 0
0 0 71 0 45 35 84 0 31 0 0 0 0 0 50 57 0 22 21 70
36 78 81 41 90 75 11 0 40 0 50 98 0 20 0 61 0 1 97 33
99 46 62 25 39 22 0 0 98 0 36 0 7 0 42 22 0 0 0 26
58 46 21 74 65 0 81 0 63 29 26 0 51 0 48 51 96 0 70 0
81 0 78 0 59 0 0 0 88 0 57 0 0 0 0 9 0 8 0 27
77 0 60 0 66 0 0 0 80 78 33 0 0 28 0 45 0 0 0 4
94 55 78 43 88 0 0 0 36 49 11 51 63 22 0 83 0 0 39 90
72 28 22 72 69 9 23 0 78 58 4 0 0 0 0 45 0 0 31 11
97 14 0 5 25 44 0 0 80 0 9 0 36 85 0 17 0 0 0 3
84 0 0 13 0 0 54 0 35 53 79 0 0 0 0 0 0 0 24 91
8 15 70 23 77 57 0 73 63 0 47 44 0 0 0 5 0 0 48 73
76 0 99 0 92 63 31 0 23 0 3 0 0 0 0 75 0 1 57 58
73 81 26 12 10 0 5 0 6 10 67 25 0 32 0 0 0 0 0 0
15 47 82 0 0 52 43 0 84 0 28 0 0 0 0 50 0 73 43 25
19 18 11 85 24 27 0 0 41 35 28 0 71 0 0 89 0 0 78 95
99 26 34 0 36 14 17 0 40 35 68 0 0 0 0 45 0 0 13 17
9 47 90 0 13 48 0 0 49 27 4 48 0 97 0 45 0 0 0 52
95 31 23 0 2 0 0 0 88 94 62 0 64 0 0 68 0 95 12 77
49 19 75 0 38 0 98 0 58 46 22 40 0 97 0 5 0 78 93 45
6 24 21 0 89 2 0 0 84 82 62 85 0 25 0 83 0 40 0 6
6 33 31 0 0 54 0 0 66 80 10 61 0 64 0 0 0 0 0 35
73 89 75 75 87 0 0 0 82 0 0 49 0 69 0 83 0 0 0 85
53 6 46 0 58 14 0 0 55 0 82 16 0 6 54 55 0 0 33 57
94 84 0 0 0 0 0 0 5 0 61 19 0 3 0 55 0 0 87 65
83 44 73 0 17 60 65 0 73 0 22 0 0 0 0 83 0 0 70 60
59 6 99 0 71 79 97 0 90 97 16 32 0 44 0 43 0 0 76 86
91 27 43 14 11 71 93 24 12 97 16 39 72 69 0 81 0 87 0 88
0 5 75 30 48 0 0 0 32 0 79 0 54 0 0 86 0 0 0 64
35 21 29 0 87 0 0 0 89 0 0 8 0 18 0 13 0 0 77 61
39 97 19 0 2 0 94 0 96 0 14 93 0 38 83 13 0 88 62 97
18 0 17 0 79 96 40 0 26 26 54 0 0 0 0 56 0 17 76 42
81 89 38 45 29 95 46 0 42 97 2 0 0 0 0 94 0 0 89 85
69 71 24 17 76 35 49 0 93 92 6 0 9 99 0 14 0 40 23 34
20 0 86 11 0 13 0 0 87 11 52 0 0 0 0 9 0 0 91 5
95 0 60 0 4 97 0 0 3 0 48 0 0 0 0 47 0 95 59 98
79 95 80 71 70 65 38 0 41 36 0 0 95 0 19 46 0 0 72 77
22 55 79 84 99 59 99 0 28 62 65 0 0 0 38 40 0 71 25 37
0 0 68 0 24 24 18 91 31 9 51 0 0 0 1 91 0 0 0 71
55 5 57 92 0 0 17 0 48 0 15 27 0 2 0 62 0 0 53 16
36 36 99 11 67 0 40 0 7 91 43 1 0 26 0 59 0 24 0 7
49 34 64 0 0 0 1 0 82 0 56 0 93 0 0 89 0 0 0 85
95 76 89 10 35 0 36 0 77 24 44 28 52 15 0 51 0 0 30 18
80 30 0 0 0 0 0 0 36 41 21 73 0 60 39 30 0 0 0 49
6 24 87 0 25 39 0 0 7 46 27 0 80 0 0 17 0 0 0 7
57 27 64 82 0 0 43 0 46 35 54 0 0 0 0 90 0 0 75 1
63 51 22 0 41 32 0 0 82 40 43 30 0 60 59 46 0 0 0 42
95 55 0 61 30 0 10 36 97 0 45 82 0 74 0 48 0 0 0 82
61 28 10 0 0 0 21 0 49 18 39 0 0 0 0 22 0 22 72 73
64 25 33 86 75 62 54 0 0 0 89 22 73 26 0 31 0 0 0 23
43 0 39 41 50 55 0 0 67 0 30 0 0 0 0 75 0 0 0 43
61 53 34 0 71 56 0 0 30 99 67 0 0 0 0 46 0 0 18 60
3 77 19 0 14 61 43 0 68 0 74 0 0 0 9 47 0 68 20 84
97 91 29 0 59 94 28 0 5 17 59 88 54 6 0 5 0 0 0 23
94 15 72 0 15 30 0 0 53 0 96 77 57 57 0 77 0 42 0 0
10 16 84 0 23 0 20 0 4 0 90 11 0 45 0 1 0 0 0 35
41 75 98 0 75 0 0 49 74 0 78 0 0 69 63 75 0 0 0 54
2 75 48 12 24 72 0 0 74 0 46 0 0 0 0 59 0 0 63 94
20 92 75 0 0 4 0 0 64 39 0 71 0 47 0 81 0 57 1 0
0 34 0 69 4 0 86 0 20 0 75 18 0 2 0 77 0 0 39 38
56 39 23 0 0 0 66 52 46 0 70 0 0 0 74 75 0 0 70 53
52 0 7 0 86 74 0 0 52 96 0 0 89 0 0 95 0 0 25 41
57 77 62 52 36 77 41 0 75 0 4 2 0 60 0 65 0 0 39 11
92 0 0 75 12 12 0 0 19 6 25 0 0 0 0 13 0 43 0 89
58 0 0 0 7 43 0 0 39 67 59 0 59 0 78 49 0 0 73 57
54 85 0 0 7 0 0 0 47 0 0 0 3 0 65 22 0 0 96 52
42 13 41 65 0 92 20 0 29 37 76 67 0 93 25 59 0 0 0 13
9 6 38 0 56 46 78 0 4 42 51 13 0 32 0 40 0 0 35 59
28 55 35 47 71 12 0 0 18 0 37 0 95 0 12 42 0 93 0 16
34 16 6 96 61 57 56 0 99 0 2 0 0 0 0 39 0 0 0 52
10 0 42 0 56 74 0 0 95 0 89 0 0 0 0 0 0 10 37 22
34 71 69 99 21 24 59 0 11 83 22 0 0 0 0 94 0 0 0 35
23 89 1 45 73 80 47 0 83 13 83 95 81 17 83 75 73 0 74 48
37 0 0 0 99 58 0 0 45 90 31 0 20 0 2 41 75 0 0 72
97 36 22 50 27 30 70 0 94 6 61 1 0 67 0 19 0 0 0 61
41 0 70 0 9 99 85 0 56 24 99 0 51 44 0 26 0 0 0 45
51 95 41 58 24 74 85 0 68 0 23 60 0 88 0 0 0 0 0 0
6 69 0 16 1 49 93 8 97 4 47 0 88 27 6 38 0 17 30 40
14 61 29 40 2 74 0 0 99 29 34 29 0 20 68 71 0 81 0 18
0 45 59 0 5 0 28 0 97 0 34 42 0 71 0 0 0 0 0 0
43 10 52 31 62 0 19 0 70 19 6 0 0 0 69 41 0 12 5 13
95 33 29 4 55 0 81 0 21 13 34 0 65 0 0 9 0 0 97 0
22 70 88 0 28 51 0 75 69 0 47 0 0 0 0 5 0 0 0 28
55 75 43 12 4 18 0 8 60 0 29 0 0 74 0 49 0 35 14 58
45 1 70 14 68 0 23 0 82 84 94 97 0 40 0 39 0 1 0 94
19 0 96 71 0 90 53 0 11 0 0 0 0 0 0 23 0 0 0 44
43 45 87 0 0 42 0 0 24 35 81 0 0 65 0 56 0 82 0 84
54 67 70 49 57 0 75 78 21 0 24 36 0 80 85 3 0 21 65 44
83 32 12 0 10 59 5 0 47 0 85 8 0 59 92 52 0 0 9 29
5 26 40 83 56 0 31 0 31 77 87 0 69 0 0 4 0 6 93 58
92 7 10 0 0 48 0 0 14 0 65 86 0 96 0 18 0 31 0 45
21 0 18 0 0 74 53 0 88 1 24 10 0 35 0 90 0 33 0 30
37 40 86 0 6 43 68 1 21 0 13 0 0 0 0 29 0 0 65 44
83 0 16 35 0 75 0 0 48 0 6 0 11 87 0 90 0 0 0 39
42 0 0 0 87 17 37 0 38 3 48 0 0 0 0 48 0 73 2 34
38 0 61 0 38 24 0 0 26 0 41 0 0 0 3 32 0 75 0 80
16 80 91 0 57 0 0 0 33 0 14 53 32 73 1 33 0 35 92 89
86 69 40 0 80 0 25 0 1 43 89 0 0 0 0 61 0 0 96 47
75 73 15 92 34 0 0 0 97 0 74 50 0 26 0 80 0 9 38 62
97 6 46 62 77 0 0 0 0 0 19 67 0 1 0 0 0 0 60 23
22 0 55 0 97 0 0 0 80 23 82 0 81 0 0 43 0 0 0 63
81 0 76 0 48 0 0 0 79 0 50 0 62 0 0 1 0 87 98 0
41 40 25 86 33 0 0 55 63 0 68 54 0 4 0 9 0 0 0 86
0 1 42 67 29 42 15 0 96 47 10 94 0 81 0 0 0 0 0 0
41 60 37 34 2 21 54 0 53 0 99 0 0 0 0 21 0 86 45 90
67 45 31 88 38 0 0 0 18 0 10 0 0 0 0 24 0 0 62 2
26 13 0 88 78 0 36 0 9 0 15 30 96 3 0 63 0 0 56 46
36 28 43 42 33 71 0 0 46 15 34 0 0 0 0 96 0 0 0 6
94 52 28 0 99 39 0 0 85 43 55 53 0 46 0 98 0 77 24 36
8 84 0 46 7 42 0 0 0 13 72 45 0 46 36 2 0 68 0 58
0 12 0 0 51 0 51 0 2 50 1 35 0 35 41 11 0 0 0 21
40 60 40 0 1 96 25 0 98 0 43 72 77 21 94 10 0 0 29 31
47 16 43 39 41 99 71 0 78 0 48 88 73 15 0 62 0 0 74 17
84 24 79 0 0 56 0 0 76 56 98 6 0 6 0 15 0 0 0 66
82 90 1 0 6 15 83 0 24 0 82 57 6 69 3 50 0 0 0 80
42 80 41 12 4 38 0 0 56 0 0 0 68 0 0 12 0 19 55 14
91 67 97 0 29 77 22 0 76 0 65 80 0 44 90 94 0 16 15 23
99 1 32 50 72 0 0 0 94 48 22 37 0 97 58 70 0 75 6 96
2 54 0 97 24 0 40 0 10 13 7 21 0 15 62 86 99 0 78 33
94 70 44 0 0 19 98 0 56 63 12 64 0 5 92 82 0 0 21 69
78 93 34 73 62 75 60 0 70 0 87 73 0 51 0 41 0 70 58 42
0 56 98 0 90 5 79 0 29 0 0 0 97 0 0 0 0 82 10 19
63 0 31 0 46 0 53 0 43 11 23 0 26 0 76 75 0 0 0 53
75 0 96 44 49 13 78 0 31 82 20 0 0 3 0 16 0 82 0 93
10 71 95 0 41 6 0 0 2 0 57 48 98 99 0 58 0 0 0 0
39 43 21 0 14 99 43 0 79 44 15 0 0 0 0 46 0 17 61 51
30 0 1 18 26 67 43 0 81 96 13 0 0 0 0 94 0 62 23 73
35 97 9 0 0 7 0 0 70 0 51 6 0 72 0 44 0 0 44 17
0 93 0 60 0 5 0 0 61 0 0 0 0 0 0 0 0 0 86 42
9 89 67 21 1 23 0 0 64 31 72 0 0 0 47 99 0 58 71 63
42 58 80 87 60 0 58 0 76 0 48 11 0 86 0 62 0 0 44 43
13 0 2 72 10 65 20 0 58 0 93 0 0 0 0 93 0 59 0 10
63 33 96 52 66 10 74 0 24 60 23 0 0 0 0 86 0 78 0 18
2 77 36 8 80 51 21 0 17 0 0 11 0 23 0 12 0 53 0 5
70 66 80 26 33 59 6 0 71 49 89 27 0 55 0 84 0 0 7 54
54 97 0 52 6 0 0 0 0 0 85 35 0 33 45 29 0 81 0 61
79 8 76 69 97 31 4 0 14 35 52 0 0 0 0 83 0 96 39 74
86 17 84 0 61 3 0 0 81 75 0 50 0 40 0 36 0 25 76 74
10 38 15 15 0 58 0 0 67 57 89 0 0 0 0 23 0 0 80 64
2 0 0 0 44 0 48 0 64 29 42 0 0 0 0 90 0 0 0 51
32 37 13 0 39 35 2 0 66 49 0 0 0 67 0 72 0 0 9 21
84 51 0 10 3 68 0 0 64 62 0 0 0 0 0 56 0 0 53 21
57 69 0 38 0 93 0 91 93 0 94 61 0 54 0 4 0 6 31 58
43 5 90 83 77 55 63 0 15 29 90 0 0 11 35 42 0 0 48 53
45 0 51 0 0 45 0 0 57 0 18 0 0 0 0 15 0 0 38 54
17 31 36 0 31 99 95 0 78 0 71 95 0 46 0 79 0 77 87 71
44 20 0 0 15 0 48 0 34 0 0 0 0 0 74 18 0 0 57 44
16 67 27 69 76 87 9 0 68 0 10 79 0 27 0 51 0 0 0 28
41 12 74 85 71 0 47 0 0 43 85 0 0 0 0 79 0 0 19 45
38 11 56 0 99 10 68 0 4 39 26 0 16 0 0 1 0 80 75 60
45 24 94 3 69 96 0 0 75 79 69 0 0 0 0 78 0 0 0 92
0 87 6 0 41 35 0 0 85 52 99 0 93 0 47 47 0 64 0 71
92 74 10 72 38 0 49 0 36 0 97 19 95 75 0 85 0 25 0 58
73 0 92 0 23 5 0 0 93 77 96 0 4 81 0 36 0 0 0 0
76 45 48 36 83 0 20 0 54 0 90 77 41 80 0 45 0 23 65 51
87 82 22 0 48 31 96 0 55 29 0 0 0 0 0 0 0 0 0 54
86 71 94 0 4 65 15 0 33 0 7 0 0 0 0 7 0 0 22 53
38 17 16 15 75 0 0 0 77 32 0 18 0 61 0 54 0 0 0 85
0 73 57 87 49 0 24 0 68 0 0 0 0 0 53 24 0 0 0 6
33 3 17 62 0 51 96 0 79 0 46 67 35 68 0 25 0 38 56 6
69 95 44 16 32 0 76 0 42 78 65 0 52 0 0 53 0 0 0 43
83 33 96 51 75 70 31 0 84 1 70 0 85 0 94 0 0 94 0 18
56 68 52 0 56 0 52 0 7 0 1 94 0 54 0 0 0 87 0 0
56 56 19 67 1 0 38 0 49 0 58 0 55 0 0 55 0 1 49 16
24 0 60 67 0 63 0 0 74 0 63 0 86 0 15 82 0 0 11 76
54 0 84 0 93 0 43 0 15 0 73 0 0 0 0 50 0 0 0 44
82 31 92 65 70 29 13 0 12 0 56 0 0 0 0 51 0 0 7 57
30 17 79 0 3 3 13 0 63 0 48 0 0 0 0 8 0 0 61 36
20 53 32 56 84 67 74 70 60 0 50 11 2 52 0 67 0 99 40 80
65 44 63 14 41 67 84 0 19 90 31 45 90 48 0 66 0 0 0 9
4 8 0 0 0 51 0 0 96 0 19 52 0 79 0 0 0 0 0 80
86 51 12 47 3 0 12 0 2 15 73 22 0 46 0 63 0 0 90 64
58 6 19 85 51 26 0 0 86 99 19 99 80 6 0 74 0 2 37 47
27 27 32 75 48 23 80 0 95 0 13 61 0 80 0 11 0 0 83 33
72 38 19 0 89 85 0 0 84 73 27 17 0 68 0 45 0 25 41 86
53 0 0 0 48 0 0 0 73 72 89 0 0 0 0 83 0 40 0 99
0 13 3 40 26 60 50 0 31 76 10 0 21 0 0 89 0 50 87 23
41 15 73 70 1 32 48 0 68 0 0 40 38 13 0 89 0 88 0 6
0 49 16 8 78 75 70 0 67 0 16 0 0 0 0 0 0 0 64 70
78 18 6 22 65 78 76 0 97 73 55 0 70 0 93 4 85 0 80 36
16 62 7 0 57 65 0 0 66 0 0 54 0 0 0 0 0 0 66 99
58 97 4 74 35 51 38 57 69 59 37 42 75 97 75 11 0 86 36 92
85 98 22 0 71 97 21 0 29 0 12 17 88 95 0 74 0 71 0 94
67 39 67 0 98 81 55 0 59 93 82 0 0 0 4 18 0 0 91 62
95 71 0 0 27 16 0 0 60 80 59 87 0 46 0 84 0 0 0 54
76 90 61 82 15 76 11 0 94 27 58 25 0 97 0 61 0 0 13 25
1 77 16 85 77 75 62 0 73 65 37 47 0 0 0 45 0 0 0 18
85 79 23 66 21 34 4 0 14 13 24 37 5 3 42 19 0 17 23 8
9 66 82 20 10 76 43 0 19 16 27 25 0 78 56 59 0 0 35 62
86 51 22 22 87 6 88 0 4 0 83 17 0 45 69 82 0 95 0 4
69 66 42 78 0 51 47 0 12 92 67 12 0 93 0 83 0 1 61 63
98 18 49 8 74 17 0 0 14 0 60 0 5 5 76 11 0 24 57 11
69 4 90 71 66 25 52 0 26 24 53 0 3 0 0 18 0 0 67 75
35 92 30 0 95 84 0 0 43 0 32 50 0 74 0 97 0 63 72 81
0 74 0 0 0 0 0 0 88 0 0 54 0 37 0 0 0 37 0 32
46 47 70 0 2 22 0 0 13 0 26 50 16 85 0 34 0 0 0 0
85 96 2 0 11 0 92 0 88 19 22 6 0 0 0 0 0 21 70 31
33 62 1 0 0 85 45 0 64 59 16 75 0 94 0 97 0 0 0 14
20 71 0 53 64 0 29 0 8 17 20 44 0 66 0 94 2 35 0 39
88 80 96 45 89 45 0 0 52 0 76 0 59 71 0 55 0 32 72 92
37 95 89 44 25 5 88 0 5 8 83 39 99 18 0 73 0 0 3 13
41 33 11 26 88 81 0 0 52 32 96 0 0 36 36 50 0 0 10 34
27 65 53 47 47 96 52 0 48 73 0 93 0 10 0 15 0 0 0 59
0 29 0 0 66 36 0 0 17 0 71 42 0 90 0 57 0 0 46 0
70 70 81 0 6 0 67 0 32 6 8 88 0 55 0 87 0 47 0 20
69 23 19 0 87 22 0 0 18 0 36 98 0 51 0 48 0 0 26 72
96 69 64 69 79 79 93 0 64 0 85 4 48 7 16 59 0 0 0 9
87 50 86 66 75 1 2 80 14 0 0 12 0 95 0 42 0 0 0 59
9 84 85 24 29 84 17 0 93 0 78 0 0 99 2 38 0 57 49 53
8 50 48 0 78 55 40 0 50 94 93 73 0 11 31 60 0 0 64 99
70 71 46 70 40 0 47 0 6 67 0 0 78 58 65 85 0 0 0 18
6 50 95 67 0 0 83 0 70 0 55 0 0 0 0 46 0 24 73 70
8 51 8 0 25 0 0 0 67 0 45 85 56 87 0 51 0 44 0 28
40 31 70 49 0 92 63 0 92 0 39 0 0 0 0 28 0 19 0 23
2 32 98 58 89 3 89 0 99 0 87 95 37 51 0 68 0 0 55 12
57 53 29 67 74 82 75 0 18 19 10 0 72 0 0 34 0 18 0 45
13 63 11 45 87 91 0 0 67 0 73 0 75 91 0 74 0 80 0 21
7 0 29 0 25 98 0 0 72 37 25 0 73 0 0 27 0 0 0 14
49 0 62 0 0 77 57 0 77 90 34 0 0 0 0 10 0 92 14 0
23 12 64 0 62 0 37 0 57 48 0 14 0 32 48 25 0 46 32 69
78 26 24 89 0 54 0 82 69 0 89 51 0 34 0 81 0 0 0 74
5 60 83 0 72 0 92 0 28 0 2 61 0 86 0 48 0 0 0 15
30 50 53 0 3 0 0 0 17 75 15 15 73 53 0 97 0 9 0 80
20 0 24 0 30 0 0 0 31 52 9 0 79 0 0 38 0 59 0 99
90 66 0 68 5 46 0 0 85 17 70 0 0 0 0 72 0 0 62 40
82 52 0 0 57 0 32 54 86 10 43 0 0 27 37 34 0 0 0 20
41 0 59 0 0 61 22 0 30 0 69 0 71 0 0 75 0 0 13 30
70 9 54 4 0 0 67 0 15 79 46 0 58 63 2 62 0 24 0 45
10 0 1 1 51 28 51 0 35 75 86 0 84 0 92 59 0 0 85 87
52 11 22 13 11 93 14 0 78 15 2 54 0 92 0 42 0 0 57 77
35 0 83 0 38 0 61 0 53 73 29 0 93 62 80 9 0 45 0 4
27 42 16 50 0 23 88 20 34 0 95 0 0 57 0 14 0 0 32 20
4 22 9 8 42 81 0 0 0 0 80 85 0 62 0 0 0 0 58 85
41 31 47 83 43 23 21 23 91 5 77 92 49 66 0 79 0 0 61 41
12 71 58 0 47 0 0 0 38 0 10 3 0 10 99 0 0 31 8 81
35 65 2 0 49 0 0 0 90 0 97 17 0 26 0 10 0 0 0 68
83 41 42 0 0 25 0 0 20 0 38 93 0 26 0 45 0 36 78 68
68 84 38 80 47 49 0 0 2 37 48 41 23 78 0 79 0 0 51 60
28 61 47 66 43 94 0 0 44 0 9 0 45 64 0 10 0 0 78 12
74 6 29 65 21 47 8 0 43 0 56 82 0 17 23 39 0 94 0 63
56 21 89 0 0 44 41 0 0 9 32 36 0 62 0 39 0 57 0 0
22 0 14 0 70 21 19 0 49 0 81 0 0 0 9 57 0 60 0 25
20 0 82 0 40 0 94 0 43 0 48 89 0 0 0 61 0 0 59 67
36 84 40 96 48 89 2 0 47 55 52 0 0 0 91 73 0 0 0 72
0 42 0 48 80 83 0 0 14 0 52 25 78 65 0 40 0 0 14 76
70 62 99 0 3 7 0 52 65 42 78 66 0 2 0 31 0 0 38 87
99 79 35 0 9 40 47 0 93 16 76 89 87 68 0 25 0 0 56 85
53 73 90 0 20 75 75 0 73 0 66 0 0 0 0 26 0 63 80 97
12 36 8 42 0 0 71 0 76 81 97 8 0 1 0 48 0 0 76 92
53 89 76 0 0 43 0 53 56 0 44 78 0 0 0 38 0 0 74 68
12 27 94 48 14 73 57 0 87 0 81 0 8 0 0 51 0 0 0 32
0 68 46 32 16 15 15 0 87 0 76 0 0 0 0 51 0 88 0 29
56 95 21 4 0 30 84 0 50 41 82 3 0 57 53 40 0 0 88 61
19 39 71 0 0 44 18 0 83 0 19 25 0 67 0 71 0 0 12 0
91 0 95 0 66 61 0 0 23 70 8 0 0 0 0 4 0 0 11 36
38 19 0 41 78 4 0 0 72 85 26 0 0 66 0 61 0 0 37 47
64 87 68 40 22 91 0 0 34 98 33 28 0 14 0 54 0 48 0 37
87 41 13 55 1 83 0 0 34 0 51 22 50 59 0 22 0 0 83 58
47 18 73 87 1 37 0 0 49 24 67 0 0 0 0 40 86 0 4 85
91 96 21 0 52 82 40 0 68 0 72 30 0 41 0 96 0 0 42 86
32 16 6 37 94 21 0 0 13 35 82 0 8 0 43 58 0 60 46 56
18 52 24 17 0 0 0 0 60 0 53 54 0 7 0 0 0 50 0 64
2 0 61 0 60 81 0 0 92 0 89 0 70 0 0 63 0 17 0 95
53 68 0 84 31 68 22 0 27 0 74 0 0 0 0 46 0 0 27 28
5 58 8 6 57 52 1 0 55 0 26 29 0 0 39 14 0 20 0 74
13 25 38 0 60 62 6 0 89 0 62 0 64 0 0 7 0 80 69 43
60 57 38 0 69 70 0 0 62 7 72 7 0 71 0 32 48 11 41 59
6 33 17 0 90 0 83 0 87 0 17 24 0 77 4 58 0 0 0 85
84 81 87 57 45 41 27 0 16 0 36 0 0 0 17 0 0 77 0 27
45 80 95 46 94 21 52 73 58 28 81 0 92 0 0 92 0 0 62 30
56 75 82 46 73 0 0 0 36 96 16 65 41 60 0 35 0 0 55 45
74 78 56 87 69 0 50 0 82 0 66 0 17 0 0 22 0 0 19 60
9 54 6 83 0 49 0 0 38 0 22 0 0 88 0 85 0 0 31 85
78 58 67 53 67 49 76 0 86 0 78 25 24 92 0 91 0 0 16 10
20 76 18 82 76 52 33 68 55 0 19 0 33 0 0 64 0 0 94 81
10 0 90 0 57 93 0 0 59 0 49 0 0 0 76 37 0 0 0 77
73 42 55 92 55 23 6 0 51 49 44 28 68 30 0 48 0 0 0 96
88 0 91 47 6 4 0 0 11 66 52 0 0 0 28 71 0 50 0 35
0 15 96 0 45 45 89 0 15 30 53 0 52 0 0 65 0 0 0 0
55 60 66 0 89 26 32 0 26 0 52 30 23 20 0 63 0 58 71 8
94 0 26 92 52 68 0 0 42 0 62 0 0 0 0 63 0 0 0 14
37 37 24 39 98 55 36 0 55 67 9 0 0 0 0 34 0 47 29 64
41 0 21 0 23 57 81 0 5 0 47 0 82 46 42 64 0 0 4 68
61 5 53 0 16 94 12 0 98 0 94 21 0 37 0 87 0 11 0 33
76 18 17 0 98 90 25 46 32 47 94 0 0 70 0 93 0 0 44 58
76 95 88 0 4 52 0 53 0 72 13 36 17 66 0 11 50 0 83 72
24 77 49 8 96 3 96 0 64 0 23 81 0 67 0 34 0 56 0 14
96 48 45 86 53 0 84 65 90 24 17 34 22 42 99 28 0 43 91 62
82 15 13 70 32 80 1 0 77 1 63 0 0 0 0 18 0 71 55 16
55 19 28 55 30 31 60 0 27 0 96 42 81 44 0 61 0 50 34 24
0 0 57 0 22 13 0 0 92 0 22 0 18 0 0 52 97 0 0 87
2 89 7 0 0 97 27 0 94 71 94 0 0 0 13 0 0 12 8 5
9 0 57 87 34 95 61 0 79 0 0 0 0 0 0 26 0 0 43 24
26 0 23 0 0 0 0 0 70 0 45 0 0 0 0 41 0 95 0 70
0 71 0 0 3 92 25 0 70 0 42 0 93 0 0 80 0 0 42 60
86 78 38 31 11 0 0 0 82 2 21 98 0 47 0 58 0 0 83 8
10 5 29 51 86 0 0 0 15 0 56 28 0 84 0 51 0 0 0 16
76 96 92 3 85 64 0 0 68 48 28 0 68 0 0 8 0 0 0 91
67 96 3 11 77 0 28 0 24 5 92 40 53 25 0 43 0 0 88 62
19 25 30 89 0 63 82 0 0 0 0 0 0 0 0 80 0 95 49 14
89 96 19 0 34 12 0 0 97 19 84 9 0 86 0 72 0 0 0 25
94 0 28 37 35 13 0 0 60 0 18 0 0 0 13 34 0 0 2 64
46 79 87 39 71 45 0 0 28 70 21 0 25 0 0 0 0 0 60 0
25 15 0 33 18 19 75 0 42 0 21 34 94 46 40 91 0 93 47 51
78 54 9 0 0 88 1 0 35 78 35 8 0 35 0 68 0 0 42 25
44 40 93 0 86 9 51 0 97 0 16 16 0 31 0 76 0 0 31 41
0 41 0 2 75 0 98 0 0 0 62 0 0 0 70 96 0 0 23 30
64 25 64 0 63 18 37 0 26 0 86 72 0 26 39 11 0 0 15 86
7 27 82 29 92 0 73 0 53 0 98 0 0 0 0 71 0 0 20 19
99 46 33 23 88 77 35 0 19 0 28 0 0 0 0 63 0 0 45 71
95 58 79 69 66 18 0 0 40 0 82 84 0 35 0 20 0 91 83 42
82 54 0 58 8 0 30 0 49 0 53 0 0 0 28 8 0 0 99 96
58 82 8 29 82 86 19 0 38 25 1 38 0 37 0 40 0 0 17 51
73 99 88 27 61 0 0 0 4 0 12 0 47 0 0 18 0 0 13 93
71 0 51 98 21 0 0 15 76 94 84 0 0 0 0 19 0 0 0 27
79 58 46 0 45 26 54 0 16 92 43 69 0 0 0 44 44 48 46 70
93 3 20 0 76 0 24 0 54 32 0 0 0 0 0 70 0 0 29 31
33 31 0 18 52 81 0 0 0 61 63 39 0 0 27 49 0 0 99 95
88 0 13 79 38 37 0 0 13 6 33 0 0 0 77 47 0 0 0 47
56 1 25 0 60 0 0 0 49 43 0 0 0 0 0 39 48 0 95 13
91 63 59 58 57 39 53 0 60 0 61 0 24 0 0 59 0 73 0 6
64 45 7 45 4 94 6 33 42 0 48 4 94 28 0 3 0 0 54 39
56 61 12 22 23 1 0 0 10 28 87 93 42 84 0 2 0 0 21 2
69 65 36 0 50 4 69 92 67 56 78 24 0 61 0 60 0 7 8 36
89 61 88 66 21 0 4 12 82 0 32 80 0 65 0 76 0 0 23 88
45 0 0 0 0 0 0 0 68 97 0 0 0 0 0 15 0 68 0 22
95 97 84 12 89 0 23 0 34 0 83 0 0 0 97 6 0 90 50 70
21 92 93 22 56 69 57 0 16 73 5 36 43 49 86 5 0 0 46 10
49 16 23 8 0 0 36 0 54 0 98 0 0 0 0 56 0 82 0 56
15 36 82 44 0 0 57 0 75 0 34 32 0 86 0 61 0 98 63 0
32 93 32 36 0 51 0 0 84 74 56 99 0 59 64 38 0 0 60 9
79 35 47 64 66 3 35 0 68 49 0 90 0 95 0 66 0 93 0 21
72 43 90 80 91 0 0 0 84 13 11 0 15 19 0 90 0 0 0 11
17 5 30 0 44 0 0 0 35 0 52 0 0 0 0 61 0 0 0 88
24 71 13 42 0 86 26 0 65 0 71 34 0 69 0 47 0 0 0 83
82 55 49 81 16 98 91 0 71 33 81 0 59 81 40 80 0 85 88 62
74 0 10 0 96 82 69 0 63 13 88 53 0 20 0 6 0 0 25 94
74 57 52 78 0 0 69 0 66 0 42 35 0 3 0 69 0 0 0 67
58 69 15 82 63 41 0 0 5 23 93 51 0 78 0 4 0 0 0 83
0 61 74 76 3 0 0 0 0 39 79 90 31 30 0 36 0 0 0 58
33 66 98 69 3 0 52 0 74 0 65 0 0 0 0 57 0 75 78 45
64 0 0 0 63 40 0 0 67 0 33 0 0 0 0 62 0 0 0 61
52 70 63 11 0 0 47 0 69 0 59 0 12 0 0 44 0 0 0 0
14 70 18 80 93 37 86 0 53 0 49 79 0 51 0 10 0 8 33 68
27 14 28 81 36 80 0 0 43 0 59 0 0 22 0 45 0 19 0 99
62 19 91 66 0 1 35 0 5 0 33 55 0 89 0 53 0 74 42 39
46 47 61 24 6 0 23 0 54 0 83 25 0 0 0 44 0 0 0 47
64 99 20 75 63 0 15 0 54 16 46 81 33 92 0 6 0 65 76 43
71 71 98 0 70 79 0 0 53 0 35 0 26 28 37 18 0 81 0 27
96 41 15 45 54 5 16 20 86 0 22 53 33 59 0 89 0 7 11 52
97 0 62 0 18 0 2 0 40 0 94 0 15 0 0 77 0 55 0 77
40 21 0 0 89 25 28 0 34 0 0 75 0 51 0 88 0 0 1 61
39 0 0 0 71 0 48 0 21 96 3 0 25 0 0 33 0 0 0 98
69 19 22 30 93 83 83 10 76 38 88 98 67 93 25 21 79 0 78 24
21 69 97 73 78 55 50 0 85 0 57 20 0 94 0 65 0 75 12 32
83 31 91 0 0 91 5 0 87 15 20 64 0 2 0 18 0 59 0 40
50 96 10 0 55 2 0 79 23 42 94 0 0 0 47 11 0 21 59 5
45 42 62 78 7 0 0 0 0 13 29 83 0 27 29 87 0 17 0 98
43 28 85 31 0 21 65 0 89 0 4 1 0 66 0 36 0 0 0 0
18 1 0 0 38 74 14 0 33 16 0 0 23 0 0 54 0 0 72 71
76 57 54 88 33 54 0 0 70 68 36 38 0 0 73 55 0 0 92 89
97 0 91 0 23 24 93 0 88 0 46 0 46 0 0 58 0 0 7 96
97 63 45 33 95 0 28 0 61 0 73 0 0 0 0 40 0 0 62 18
90 0 65 0 22 44 0 33 50 9 54 0 0 0 0 44 10 0 84 90
21 52 0 17 26 0 0 0 85 64 79 0 0 62 0 0 0 0 39 62
34 0 36 0 0 70 19 0 56 0 66 0 5 0 0 74 0 34 0 54
43 43 13 49 56 50 30 0 51 0 52 27 0 43 0 71 0 48 0 69
46 0 45 0 59 29 21 0 32 23 97 0 0 0 0 90 0 0 74 94
98 33 68 13 64 0 75 0 19 0 0 42 0 32 0 90 0 0 14 39
43 92 57 0 5 0 46 0 55 0 82 43 0 58 0 47 0 5 31 92
84 27 73 48 12 23 3 0 51 33 51 0 64 0 0 93 76 40 72 34
59 0 0 0 12 84 46 0 84 13 62 0 0 18 0 98 0 0 0 71
44 0 18 63 54 5 66 0 77 0 23 0 57 0 0 49 0 0 0 48
56 89 46 0 0 13 0 0 75 0 56 0 0 0 0 37 0 6 96 86
84 67 34 0 15 90 0 0 16 0 31 0 22 0 0 50 0 70 13 75
10 22 52 2 99 62 0 0 90 0 52 36 51 43 0 70 0 0 70 53
58 81 19 0 0 88 33 0 19 0 21 20 0 31 0 84 0 86 0 1
60 72 64 0 0 66 4 0 26 0 41 0 0 0 18 0 0 0 18 88
59 6 25 51 1 70 0 0 89 0 75 0 63 89 0 29 0 0 0 0
88 0 74 36 18 22 60 0 90 55 55 0 0 0 0 0 0 0 39 74
75 87 55 79 55 46 0 0 61 0 79 78 0 45 0 70 0 0 0 57
27 0 2 49 9 66 65 0 55 32 32 0 39 29 0 14 0 49 1 83
44 0 42 0 0 70 0 0 96 0 98 0 0 0 0 32 0 0 14 71
45 7 14 0 67 18 55 0 46 73 62 0 0 0 0 56 0 0 40 75
99 36 72 23 62 3 57 0 53 64 22 8 0 6 0 54 0 34 46 18
95 3 81 0 0 1 35 0 69 13 54 0 9 0 0 30 0 41 63 81
67 71 88 48 21 5 0 0 38 0 6 0 70 0 0 81 0 10 0 2
3 13 50 0 77 36 0 0 5 60 58 0 0 39 0 92 0 0 0 93
48 23 4 0 78 50 0 0 8 0 21 96 0 97 0 50 0 0 0 69
32 54 64 48 46 44 87 0 91 0 52 0 0 0 41 31 0 80 8 70
0 72 42 0 11 89 4 0 51 17 47 29 0 93 0 12 37 0 0 9
18 2 70 0 64 0 51 0 43 33 11 0 65 0 0 62 77 0 93 43
40 11 24 0 27 0 0 0 0 0 0 57 0 5 0 55 0 70 0 73
22 50 89 0 19 63 97 0 99 8 15 85 0 61 0 48 0 0 20 0
82 94 16 0 86 0 17 80 70 0 0 66 0 41 74 6 0 40 79 40
7 53 28 80 0 0 91 0 91 28 33 54 0 7 0 74 0 0 0 95
32 63 82 94 85 39 87 0 69 96 96 28 0 86 0 19 0 0 0 25
93 2 20 0 78 47 0 0 43 0 68 0 77 0 16 78 0 0 22 63
7 77 35 0 8 32 40 0 71 36 4 0 0 0 20 58 0 0 50 49
47 68 65 0 9 54 54 0 78 17 30 54 1 0 0 85 0 13 17 22
31 5 78 0 0 38 0 54 51 13 16 0 1 0 97 17 0 0 0 16
4 12 6 87 67 74 51 0 60 69 73 0 0 0 0 12 0 0 77 15
82 97 54 54 58 20 0 0 4 0 26 0 7 0 84 46 0 42 10 45
57 87 24 0 94 0 38 0 71 61 1 91 89 98 0 98 0 0 0 31
88 0 5 0 8 59 56 0 36 0 71 0 0 0 0 44 0 0 1 93
0 51 37 0 46 28 0 0 48 97 28 0 0 0 0 21 0 4 10 18
97 0 13 0 95 0 71 0 58 0 1 0 66 0 0 75 0 0 76 98
26 0 74 0 0 8 0 0 33 13 0 0 0 0 0 12 0 0 12 81
23 63 89 30 89 14 73 21 79 70 33 27 0 32 82 80 0 0 2 96
74 96 55 54 96 46 0 0 35 32 97 0 0 0 0 24 0 47 88 74
68 0 43 0 86 40 70 0 60 41 2 0 0 0 0 80 0 0 95 8
65 41 22 0 1 59 4 0 78 71 73 91 0 26 77 41 0 82 31 33
50 37 41 35 87 47 0 0 23 0 70 64 0 79 31 67 0 68 38 1
52 0 0 0 43 0 18 0 85 0 95 0 0 0 0 79 0 45 0 53
12 0 34 0 0 56 1 0 72 15 23 0 0 0 0 46 0 0 92 82
89 40 0 90 19 95 78 0 97 39 54 0 0 0 0 57 0 0 0 90
39 0 30 0 66 0 0 86 81 0 18 0 0 0 0 52 0 0 0 50
94 94 6 41 69 9 61 0 48 56 2 0 3 0 0 85 38 72 98 22
94 39 67 86 80 0 0 0 66 77 57 0 0 0 99 96 0 0 0 0
11 79 95 21 41 15 0 0 54 2 48 56 67 59 0 80 0 0 0 96
39 0 74 74 26 0 0 0 83 36 0 0 88 0 0 13 0 29 0 73
49 26 13 0 50 2 27 0 24 0 0 45 43 22 0 9 0 60 60 75
3 46 34 84 30 97 77 95 37 77 35 76 0 4 0 23 0 60 15 3
57 92 46 0 38 0 37 0 27 0 0 0 16 0 0 37 0 8 58 42
60 0 52 84 75 17 39 0 40 84 37 0 99 59 0 66 0 30 31 31
32 16 0 52 58 76 0 0 28 0 26 0 36 0 0 65 0 0 68 36
39 4 35 1 66 1 0 0 60 44 71 25 0 70 0 91 6 0 0 48
32 26 79 85 0 6 91 0 93 0 76 4 65 49 0 22 0 5 8 14
0 81 0 24 6 74 29 0 88 19 0 0 0 0 0 6 0 48 33 21
79 17 96 95 0 20 61 0 89 35 81 0 0 0 0 38 0 32 0 6
84 75 32 36 41 61 84 0 30 0 0 35 0 1 0 21 0 0 68 0
86 78 80 22 49 89 0 0 57 0 38 55 0 39 0 0 0 24 0 2
30 77 79 2 99 0 0 0 61 0 55 95 0 44 0 0 0 5 0 1
91 31 66 25 4 86 53 0 31 0 7 70 6 24 0 33 0 0 0 25
56 44 83 45 11 19 93 10 52 39 3 41 80 83 0 53 0 15 46 17
37 0 60 63 9 86 9 0 61 63 75 0 0 0 61 43 62 0 95 59
17 84 87 0 6 0 0 0 44 0 62 0 0 0 92 13 0 0 0 35
79 86 89 0 0 0 86 0 39 89 94 82 0 0 0 78 0 0 22 80
82 64 40 0 0 46 0 0 4 54 32 67 0 52 0 17 0 0 84 70
24 46 45 87 0 28 66 0 16 92 99 0 0 0 0 99 0 0 0 33
18 36 94 48 0 29 52 0 29 10 0 0 0 0 3 98 0 24 42 62
38 44 9 0 64 0 8 0 19 0 0 38 87 7 0 95 0 0 86 56
66 0 29 0 73 60 0 0 49 0 56 0 0 4 94 37 0 74 49 25
19 12 5 97 55 94 55 0 73 12 39 0 0 0 58 3 0 28 0 24
62 80 80 0 63 18 81 0 27 0 98 67 0 42 0 27 0 31 0 83
58 83 25 34 26 31 0 0 13 0 0 0 0 0 0 32 0 88 0 32
6 0 46 65 14 38 85 0 45 45 32 0 78 0 0 0 0 0 0 65
80 59 48 0 75 64 7 0 68 97 45 81 0 58 0 84 0 0 0 9
70 79 9 0 41 2 0 0 17 0 94 0 22 0 68 3 0 50 0 31
29 0 0 60 0 4 45 0 32 4 50 4 0 0 21 68 0 14 33 56
90 0 45 0 41 0 0 0 86 94 63 0 0 0 0 99 0 73 0 11
57 49 5 57 9 34 0 0 20 58 0 98 0 45 0 56 0 0 0 0
12 62 8 9 47 0 24 0 52 0 51 34 0 51 0 3 0 0 0 45
69 68 75 0 96 20 15 0 62 0 37 66 54 59 28 5 0 0 33 3
40 55 76 78 0 73 90 57 68 0 35 45 0 39 0 89 0 0 52 63
54 7 12 0 0 87 0 15 38 0 0 86 0 64 0 46 0 96 0 23
76 45 38 0 0 0 75 0 28 0 79 96 0 0 0 30 0 6 98 93
91 16 1 0 34 86 0 0 36 40 75 0 70 0 8 41 0 0 59 70
30 0 85 58 98 0 24 0 67 0 31 69 0 95 41 14 0 0 0 71
75 5 62 44 48 67 86 0 56 2 53 0 0 29 0 37 0 51 36 41
72 67 86 59 51 73 23 0 6 0 12 0 95 0 0 82 0 0 13 95
54 0 90 0 0 0 54 0 17 0 28 93 0 73 0 51 0 0 78 83
9 5 81 62 52 64 34 0 92 0 99 82 22 82 0 22 0 90 91 69
78 0 49 0 96 0 0 0 68 21 99 0 0 0 0 76 0 6 0 7
22 0 12 0 90 30 65 0 99 0 0 0 0 0 0 56 0 0 30 42
81 75 17 98 0 32 67 87 79 7 92 0 0 0 0 24 0 78 0 20
31 56 0 3 58 63 48 0 94 80 24 71 0 72 0 88 0 0 0 0
21 0 49 21 0 30 0 0 84 6 13 0 0 0 0 86 0 0 0 35
82 0 23 37 22 89 0 0 68 33 14 0 87 0 0 36 0 0 0 34
63 24 16 11 87 80 9 0 81 0 14 21 71 34 16 79 0 0 28 19
27 11 75 58 69 11 0 0 27 4 1 0 29 0 0 42 0 14 0 86
39 61 62 0 0 6 73 0 16 0 0 80 0 64 0 34 0 22 49 53
46 67 42 21 25 80 88 0 96 21 83 33 12 56 0 23 0 0 41 5
52 96 68 0 56 81 0 0 15 40 71 0 0 2 0 66 0 0 1 83
75 53 1 96 37 0 89 0 0 0 23 64 0 76 93 0 0 0 0 0
67 35 73 63 0 0 0 0 89 0 19 90 0 60 0 37 0 23 44 81
11 20 59 85 27 10 96 0 97 74 12 17 70 1 0 7 0 0 0 46
65 25 20 43 0 0 71 0 80 0 21 0 0 0 0 23 0 0 0 22
0 69 77 0 0 0 13 0 23 0 99 0 0 0 83 62 0 0 0 0
59 33 28 23 95 15 0 0 23 88 1 7 41 4 0 78 0 0 18 23
28 56 86 33 46 60 0 0 64 81 64 98 0 0 0 49 0 0 0 6
13 95 22 0 76 57 27 0 11 0 0 0 0 0 28 0 0 0 28 45
8 32 41 94 73 92 12 0 57 0 61 0 0 0 0 98 0 0 3 40
21 30 94 22 96 14 33 0 81 42 48 0 0 0 0 0 88 0 0 59
5 5 69 0 29 14 90 0 90 0 40 0 64 0 0 53 0 0 20 94
90 43 17 75 40 29 11 0 14 57 9 9 0 18 0 78 0 65 64 0
84 0 66 0 57 66 0 0 91 50 28 0 0 47 39 29 0 0 6 31
4 25 0 10 54 0 78 0 52 0 0 0 0 0 0 32 0 0 55 29
73 0 82 0 2 84 1 0 65 4 67 0 5 0 0 92 0 66 0 90
64 79 57 25 94 0 66 0 45 0 0 79 0 41 0 62 0 76 16 75
43 35 15 83 60 70 30 0 38 0 58 12 46 93 85 76 0 0 0 48
23 99 4 11 76 41 56 0 81 11 48 39 0 7 0 21 0 0 45 17
