300
15	1	13.389737
164	1	4.199366
27	2	62.526614
203	2	13.995249
13	2	25.187624
33	3	2.339045
102	3	18.474838
185	3	9.631655
50	3	7.07567
143	4	11.453392
15	4	22.726366
294	4	11.475932
15	5	30.533886
19	5	85.189341
263	5	33.02272
249	5	0.22226
24	6	415.982183
142	6	193.490996
219	7	110.944027
258	8	18.91047
166	8	7.514238
29	9	93.151987
21	9	101.878916
203	9	24.944013
45	9	17.392128
247	9	13.990416
127	10	46.712407
115	10	13.838256
12	11	127.848896
252	11	27.237672
230	12	28.052138
82	12	25.837786
265	12	22.044081
247	13	28.424713
203	13	37.039078
29	13	10.989548
217	13	7.849073
254	14	18.666549
222	14	6.933604
143	15	8.901457
115	15	39.393644
96	15	23.098797
41	16	9.903072
10	16	7.194524
162	16	0.024687
84	17	32.509851
249	17	14.248821
119	18	5.630415
223	19	54.465707
116	19	70.910472
276	19	20.208238
36	20	75.969833
295	20	11.881923
193	20	6.468681
146	21	318.584257
24	21	22.034581
60	22	97.280694
23	22	64.042405
169	23	10.433638
265	23	29.603025
145	23	20.122222
146	24	126.122454
243	24	89.522795
84	25	194.500005
149	25	45.16967
288	26	77.096946
97	26	76.966972
247	27	45.140575
213	27	15.759688
29	27	2.706448
42	28	39.154944
252	28	28.618865
125	28	26.733059
247	29	220.459319
81	29	185.769883
45	29	65.900756
205	30	2.269431
35	30	14.621218
285	30	4.126496
281	30	1.054742
282	31	79.760665
272	31	19.04945
140	32	76.592555
26	32	40.550001
19	33	29.936393
81	33	6.005748
117	33	4.390912
84	34	68.524713
99	34	34.713237
126	35	117.873005
87	35	24.227279
180	36	36.960612
84	36	29.418288
23	37	41.331093
283	37	33.609501
188	37	13.437749
150	38	7.851229
132	38	10.406178
92	38	9.867094
143	39	5.493079
239	39	20.35489
92	39	17.291632
222	39	1.316161
47	40	77.600633
87	40	7.457053
19	40	6.283526
150	41	11.507219
54	41	27.074675
73	41	9.337152
265	42	77.673339
21	42	71.352671
150	43	32.219008
73	43	28.471459
42	43	8.637474
261	44	2.712718
180	44	28.799933
36	44	5.145493
6	45	30.645462
81	45	19.999416
169	46	26.315079
22	46	16.981363
145	46	2.648808
48	47	315.403979
243	47	31.013952
300	47	0.119031
182	48	41.226194
14	48	26.315163
129	48	10.418579
21	49	345.606005
43	49	27.315606
42	49	11.676818
22	49	30.156597
125	49	1.343166
64	50	254.643493
87	51	61.727278
181	51	18.124386
162	52	174.43202
126	52	114.484492
183	53	44.176294
116	53	25.599126
150	54	20.386607
43	54	12.469564
42	54	8.139476
5	55	115.914349
78	55	22.158713
111	56	68.361325
219	56	21.826586
217	57	65.764449
13	57	0.963303
39	58	107.575648
31	58	41.342342
189	58	8.654376
262	58	6.684224
113	59	11.004536
254	59	16.196106
174	59	2.552881
43	60	34.463748
294	60	7.094413
268	60	0.467517
92	61	3.597427
225	61	13.936076
172	61	4.882968
254	62	60.664571
291	62	36.442807
283	63	18.774551
45	63	27.219752
243	63	13.447071
224	65	38.933183
270	65	2.745844
202	65	1.475345
50	66	29.316208
71	66	42.347706
120	66	35.441565
71	67	29.979633
189	67	16.830662
92	68	65.292252
142	68	142.692031
287	68	12.314912
82	68	3.325042
110	69	38.199437
267	69	74.767991
143	69	6.259377
178	70	78.328891
163	70	43.314177
110	70	21.70749
225	71	37.970723
234	71	34.333296
219	71	27.73795
110	72	119.157227
206	72	43.707622
219	72	21.036452
169	73	69.802834
21	73	27.66463
28	74	12.424306
269	74	4.410217
74	75	66.017585
171	75	22.948357
117	76	140.990526
243	76	0.40995
125	77	42.076418
73	77	28.06879
73	78	26.439921
97	78	2.828451
80	79	59.671108
73	79	18.512788
43	80	70.51358
21	80	44.572763
243	81	155.618487
92	82	66.630734
231	82	17.92747
127	82	8.973922
196	83	34.315262
298	83	30.249057
288	83	9.613458
218	84	2.017538
292	84	32.036973
64	84	4.575576
23	85	12.17981
169	85	11.67964
295	86	12.603223
300	86	18.425979
47	86	8.510821
298	86	9.530405
6	86	3.325317
117	87	50.122357
276	87	33.984183
76	87	8.677752
162	88	14.718147
164	88	30.663512
147	88	15.185281
80	90	90.219937
188	90	68.419631
132	90	14.888274
137	91	69.672076
196	91	32.77928
267	91	20.115727
172	92	118.927731
188	92	22.713548
38	93	21.239857
73	93	2.317132
230	93	0.51385
42	94	97.488488
196	94	49.762895
100	95	32.430163
208	95	13.046389
92	96	92.450542
39	96	26.306862
90	97	52.63117
79	97	10.846658
42	97	6.017984
69	98	45.901751
103	98	29.810951
218	99	120.582666
189	99	44.786112
235	100	22.885607
25	100	3.902563
224	100	2.706092
280	101	46.361767
71	101	65.381555
293	102	57.66247
294	102	15.158815
95	102	7.275229
243	103	166.807432
89	104	34.002359
233	104	37.894469
219	104	7.747796
15	105	54.24024
274	105	26.292768
249	106	30.024082
156	106	40.876435
6	106	84.947223
4	106	12.165077
219	107	10.739343
183	108	19.925726
128	108	1.337465
75	108	31.20354
235	108	6.379382
167	108	3.068249
224	109	42.045742
243	109	55.451338
266	109	20.669922
143	110	60.520393
106	110	25.829712
225	111	50.486236
89	111	35.99521
219	112	49.726318
129	112	13.211313
26	113	34.062282
90	113	13.617123
288	113	13.494541
128	114	3.069576
240	114	32.358809
71	114	36.986774
19	114	4.958488
69	114	15.14238
276	114	4.01823
23	115	86.905654
222	115	30.169372
76	116	37.237138
84	116	7.250571
103	117	158.507898
202	118	137.521885
147	118	53.796938
298	118	3.276899
95	118	15.965446
58	118	3.808257
99	119	27.350853
103	119	23.884359
64	120	36.146814
34	120	34.365593
25	120	15.21611
237	121	43.917633
32	121	5.825429
116	121	22.298536
152	121	1.226134
119	122	64.504261
155	122	19.957779
137	122	46.599491
103	122	12.784719
284	122	2.249858
217	123	259.220952
129	124	14.383808
111	124	19.526681
225	124	3.909183
92	125	140.358965
42	125	84.910558
196	126	113.902258
288	126	6.1613
254	127	58.662506
230	127	64.911465
42	127	47.202818
212	128	71.9259
211	128	19.972366
120	128	12.443619
240	129	12.114903
219	129	8.739822
219	130	75.704687
113	130	18.744703
270	130	11.434469
283	131	16.861292
249	131	49.375104
187	131	5.721936
92	132	113.246595
43	132	7.188158
73	132	0.591765
33	133	47.808354
113	133	3.089957
167	133	30.760163
280	133	3.811935
36	134	27.553955
155	134	29.136973
116	134	5.864708
220	134	4.347277
106	135	11.535926
166	135	15.228684
115	135	2.373861
99	136	397.931999
267	137	134.132047
285	137	30.613765
265	138	10.525627
150	138	7.30979
127	138	1.025084
71	139	42.900382
219	139	30.320371
58	140	53.361011
66	140	73.684903
288	140	60.265239
63	141	27.26137
31	141	22.27862
86	141	5.270357
21	142	141.08692
115	142	42.404698
188	143	87.293014
294	143	41.854294
146	144	327.044837
169	145	75.290074
188	145	29.517544
73	145	1.546081
53	146	156.046539
156	146	105.906138
250	147	318.311402
188	147	14.025237
172	147	6.642578
150	147	5.984445
147	148	103.166786
23	148	16.544387
42	148	1.942799
64	149	781.808551
145	150	101.99023
73	150	80.482794
84	151	507.355915
197	151	0.675802
232	152	67.48539
149	152	22.004393
270	152	24.657309
259	153	148.712076
92	153	72.723692
188	154	116.819236
92	154	55.777115
40	155	45.685801
110	155	9.480625
261	156	13.187231
50	156	4.770408
25	156	4.074709
219	157	233.802803
253	158	23.236662
4	158	57.02694
113	158	17.544072
298	159	28.507947
26	159	29.523845
65	159	3.360428
57	160	24.919314
58	160	44.191114
9	160	2.384688
262	160	13.723247
217	160	20.708168
247	160	8.262837
219	161	12.22809
139	161	15.750631
190	161	5.060561
150	162	92.629103
74	162	30.34195
128	163	62.214267
157	163	22.019602
111	163	4.141746
92	164	4.172174
131	164	125.763043
50	164	15.76957
147	164	9.752258
178	165	93.452608
173	165	64.910998
254	165	24.392252
188	166	9.80989
125	166	27.443656
147	166	19.969588
254	166	7.730004
69	167	174.897026
130	167	50.472822
180	167	24.589835
180	168	37.315711
53	168	12.980691
228	168	4.085297
125	169	46.251986
172	169	76.399045
21	169	9.132136
23	170	43.501616
73	170	11.439763
42	170	4.299787
47	171	129.145218
62	171	40.832913
188	172	119.195368
265	172	66.388257
178	173	222.423715
188	173	15.35733
254	173	36.140578
252	174	11.685933
270	174	57.900324
265	174	5.371426
84	175	6.322672
50	175	5.796859
147	176	13.914826
177	176	19.066133
187	176	15.695633
249	177	51.949189
96	177	43.580008
254	178	145.87818
187	179	25.961216
132	179	20.111649
117	180	30.796923
267	180	63.630488
65	180	5.24327
276	180	3.133484
99	181	10.576836
224	181	4.178788
180	182	56.9169
296	182	21.923543
276	182	11.984785
76	183	35.424344
103	183	2.602449
116	183	1.49073
56	184	39.822207
11	184	37.106359
223	184	74.146062
159	185	151.884446
224	185	60.897952
91	186	57.849861
267	186	18.839216
42	187	7.910548
39	187	18.865336
78	187	34.641494
73	187	6.694552
254	188	85.62399
265	188	4.173642
218	189	85.748084
64	189	39.782828
164	190	33.68349
191	190	25.391009
111	190	4.808567
50	191	177.395321
128	192	33.300017
203	192	83.523956
212	192	4.354226
274	193	46.969319
39	193	1.023945
256	194	3.120661
102	194	2.81361
206	195	32.588833
211	195	95.105783
111	195	16.228134
113	196	58.193876
79	196	46.45688
26	196	21.863887
202	197	53.937803
64	197	17.261415
225	198	78.479805
172	198	46.158235
248	199	283.453341
243	199	51.733014
233	199	38.020848
234	199	10.340278
61	200	164.096583
216	200	39.146385
278	200	58.525856
70	200	4.311127
244	200	1.739858
294	201	29.705455
196	201	56.455966
73	201	10.540348
218	202	62.122286
189	202	34.795927
27	203	16.545474
217	203	8.073136
247	203	0.752518
129	204	16.177291
71	204	4.695435
126	205	9.937111
32	205	19.32366
35	205	12.895975
71	206	55.089111
263	206	25.929023
124	206	23.156835
173	207	16.144523
92	207	8.210966
178	207	50.863417
172	207	7.258394
140	208	7.312723
4	208	1.957381
225	208	14.557139
100	208	37.586126
58	208	1.626327
210	209	169.101501
219	209	14.346068
89	210	17.197985
157	210	0.15183
65	211	24.827991
270	211	24.317312
100	211	10.326721
211	212	52.546323
185	212	29.178385
236	212	45.081546
65	212	6.155494
166	213	76.350561
284	213	44.388686
230	214	84.159072
258	214	11.492818
167	215	7.098762
5	215	11.319381
3	215	18.915667
20	215	12.016533
297	215	9.303218
264	216	326.109635
105	216	306.893255
104	216	119.009561
27	217	116.320242
247	217	21.47971
64	218	79.373703
149	218	4.994676
89	219	227.151145
63	220	24.75413
246	220	13.672626
234	220	3.563957
87	221	34.311391
19	221	6.474407
232	221	10.670426
242	221	1.06139
127	222	25.791542
258	222	7.222865
188	222	21.07159
145	222	25.6908
23	222	3.190272
87	223	34.918433
232	223	38.066387
227	223	1.346547
270	224	97.159849
64	224	28.990748
290	225	218.877756
233	225	95.123118
85	226	48.226261
198	226	30.843644
87	227	36.513618
91	227	14.708846
226	228	86.506002
44	228	54.044903
23	229	32.841655
170	229	5.934625
231	230	97.061798
169	230	21.659395
229	230	48.108431
188	230	10.232192
229	231	119.689209
188	231	12.13786
92	231	5.313706
87	232	101.951829
117	232	31.586935
180	232	2.656642
219	233	24.117637
89	233	21.101341
240	234	33.329866
233	234	39.738746
236	235	214.753056
284	235	14.38864
224	235	7.272963
24	236	209.726725
106	236	29.816637
267	237	39.842164
5	237	32.077122
79	238	18.588256
142	238	14.859261
75	238	3.327381
42	239	42.775375
46	239	16.191658
225	240	114.241593
89	240	37.690358
57	241	79.020067
217	241	20.160313
223	242	47.946988
152	242	21.621355
117	242	12.950157
232	242	3.957489
251	243	14.747503
261	243	13.531687
207	244	63.629232
178	244	27.169484
127	245	70.579484
85	245	44.378948
240	246	48.551275
89	246	11.831696
280	246	1.11837
45	247	132.015871
154	248	210.401441
249	248	36.105283
80	248	22.9082
92	249	79.390417
143	249	28.263572
262	250	129.664233
172	250	93.288831
64	251	109.913009
189	251	33.623146
84	251	15.076029
153	252	160.802855
41	252	21.51883
125	252	19.671911
196	253	35.937001
201	253	21.511847
265	254	94.116297
42	254	5.411198
143	255	1.487437
161	255	14.312555
11	255	9.836314
90	255	0.110793
207	256	34.117945
224	256	13.754667
23	257	107.925546
222	257	28.412672
150	258	47.588923
92	258	43.218142
148	258	19.829978
77	259	114.725992
273	259	3.91545
64	260	35.977136
292	260	20.08461
261	260	6.158419
66	261	126.054136
149	261	49.391255
199	262	46.449991
151	262	12.830093
277	263	141.396158
116	263	45.886997
78	264	56.706725
52	264	8.889737
21	265	431.590758
28	266	84.863531
265	266	24.549796
164	267	69.708694
243	267	61.022141
150	268	47.03466
269	268	55.114126
77	268	20.179275
294	269	128.22038
145	269	19.9185
43	269	7.259092
298	270	45.48795
92	270	163.489856
113	270	25.759965
290	271	9.867324
89	271	18.946376
219	271	8.252987
273	272	36.132144
63	272	43.98505
90	272	18.803278
77	273	160.38001
15	273	51.516853
145	274	3.385996
143	274	31.979092
73	274	23.052283
166	275	44.83997
294	275	51.141098
143	275	17.587262
272	276	197.979344
65	276	42.377529
117	276	35.70286
122	277	444.70913
140	277	77.135613
103	277	87.764532
25	278	6.174623
151	278	6.579879
120	278	3.025436
294	279	91.296894
219	280	26.776972
297	280	15.071077
240	280	36.100435
298	280	13.511982
113	281	60.812624
211	281	90.569216
35	281	41.635846
275	282	14.294905
105	282	29.503776
187	282	3.513639
92	283	74.8765
265	283	25.522644
188	283	9.615176
29	284	188.567267
50	284	76.405272
120	284	12.975389
79	285	58.892969
52	285	34.328593
193	286	34.614253
92	287	19.735372
82	287	42.315835
77	287	8.116093
289	288	204.958905
79	288	59.73763
97	289	25.595802
79	289	22.527902
209	290	28.758722
219	290	30.671241
157	290	2.500602
265	291	64.950411
162	291	8.485506
218	292	106.794934
189	292	40.188628
83	293	3.781702
289	293	8.874812
196	293	6.576887
132	294	63.114345
94	294	42.78913
146	294	22.567826
91	295	56.573772
137	295	8.73448
49	296	19.541228
294	296	32.259742
73	296	24.370489
227	297	103.176181
211	297	68.19547
113	298	68.430652
58	298	11.277589
140	298	4.937374
87	299	139.345139
19	299	12.123762
223	299	10.091797
100	300	56.341041
89	300	58.832206
