300
15	1	13.389737
164	1	4.199366
213	2	114.873971
33	3	2.339045
102	3	18.474838
185	3	9.631655
50	3	7.07567
143	4	11.453392
15	4	22.726366
294	4	11.475932
15	5	30.533886
19	5	85.189341
263	5	33.02272
249	5	0.22226
24	6	415.982183
142	6	193.490996
219	7	110.944027
258	8	18.91047
166	8	7.514238
247	9	137.623861
146	9	13.441777
236	9	20.704033
6	9	6.451257
127	10	46.712407
115	10	13.838256
12	11	127.848896
252	11	27.237672
230	12	110.304792
265	12	34.29958
247	13	28.424713
203	13	37.039078
29	13	10.989548
217	13	7.849073
254	14	18.666549
222	14	6.933604
143	15	8.901457
115	15	39.393644
96	15	23.098797
41	16	9.903072
10	16	7.194524
162	16	0.024687
84	17	32.509851
249	17	14.248821
119	18	5.630415
223	19	30.410255
116	19	53.722806
40	19	3.938729
276	19	1.071076
36	20	75.969833
295	20	11.881923
193	20	6.468681
146	21	468.751246
60	22	97.280694
23	22	64.042405
169	23	32.091709
265	23	8.327255
127	23	6.209392
146	24	213.516815
272	24	325.292245
21	24	59.600359
196	26	210.471449
28	26	45.387976
2	27	133.411895
213	27	14.56228
42	28	9.581359
125	28	20.959859
21	28	4.481919
247	29	54.214486
81	29	217.55216
45	29	44.863116
217	29	14.230225
205	30	2.269431
35	30	14.621218
285	30	4.126496
281	30	1.054742
282	31	27.251306
272	31	26.454681
237	31	5.573227
140	32	76.592555
26	32	40.550001
19	33	29.936393
81	33	6.005748
117	33	4.390912
84	34	68.524713
99	34	34.713237
126	35	34.609891
87	35	24.208723
281	35	3.923676
180	36	36.960612
84	36	29.418288
23	37	41.331093
283	37	33.609501
188	37	13.437749
150	38	7.851229
132	38	10.406178
92	38	9.867094
143	39	5.493079
239	39	20.35489
92	39	17.291632
222	39	1.316161
47	40	55.34995
87	40	29.63125
103	40	1.210781
150	41	11.507219
54	41	27.074675
73	41	9.337152
21	42	483.87116
73	43	94.419886
42	43	67.045703
261	44	2.712718
180	44	28.799933
36	44	5.145493
6	45	95.83706
9	45	85.845983
169	46	26.315079
22	46	16.981363
145	46	2.648808
48	47	361.963959
243	47	35.028046
182	48	41.226194
14	48	26.315163
129	48	10.418579
21	49	345.606005
43	49	27.315606
42	49	11.676818
22	49	30.156597
125	49	1.343166
64	50	254.643493
87	51	61.727278
181	51	18.124386
162	52	174.43202
126	52	114.484492
183	53	28.085789
116	53	12.844689
232	53	2.923756
150	54	20.386607
43	54	12.469564
42	54	8.139476
5	55	115.914349
78	55	22.158713
111	56	68.361325
219	56	21.826586
217	57	65.764449
13	57	0.963303
39	58	115.551085
298	58	117.128879
262	58	8.684646
113	59	11.004536
254	59	16.196106
174	59	2.552881
43	60	34.463748
294	60	7.094413
268	60	0.467517
92	61	3.597427
225	61	13.936076
172	61	4.882968
254	62	60.664571
291	62	36.442807
283	63	18.867835
246	63	16.389096
149	64	152.658023
84	64	37.225031
224	65	66.529154
211	65	21.344846
261	66	62.02475
71	66	42.303565
64	66	32.719914
71	67	29.979633
189	67	16.830662
92	68	65.292252
142	68	142.692031
287	68	12.314912
82	68	3.325042
110	69	38.199437
267	69	74.767991
143	69	6.259377
178	70	78.328891
163	70	43.314177
110	70	21.70749
139	71	56.67835
225	71	48.156934
234	71	14.681908
290	71	10.648941
110	72	119.157227
206	72	43.707622
219	72	21.036452
169	73	50.355977
170	73	17.737841
42	73	1.344634
28	74	12.424306
269	74	4.410217
74	75	66.017585
171	75	22.948357
117	76	70.755672
87	76	5.672504
125	77	7.466759
73	77	13.550758
28	77	0.853924
73	78	26.439921
97	78	2.828451
80	79	69.078139
294	79	30.315466
43	80	70.51358
21	80	44.572763
243	81	155.618487
92	82	62.628377
12	82	26.646582
231	82	7.879761
196	83	34.315262
298	83	30.249057
288	83	9.613458
25	84	894.122566
245	85	79.896523
145	85	95.020795
295	86	18.918732
300	86	14.152702
141	86	13.750056
6	86	4.36284
227	87	143.009473
162	88	14.718147
164	88	30.663512
147	88	15.185281
219	89	64.023433
233	89	35.235713
80	90	52.316106
188	90	72.619774
132	90	15.397432
28	90	2.32619
267	91	129.916077
196	91	35.740803
264	91	11.097886
172	92	150.059262
127	92	30.456698
38	93	21.239857
73	93	2.317132
230	93	0.51385
294	94	21.770569
196	94	68.058982
49	94	11.731438
100	95	32.430163
208	95	13.046389
92	96	92.450542
39	96	26.306862
90	97	14.077537
196	97	33.766424
294	97	19.954014
80	97	8.331846
69	98	45.901751
103	98	29.810951
218	99	120.582666
189	99	44.786112
235	100	22.885607
25	100	3.902563
224	100	2.706092
89	101	56.429851
280	101	16.370404
293	102	57.66247
294	102	15.158815
95	102	7.275229
117	103	90.805572
149	103	53.507121
89	104	34.002359
233	104	37.894469
219	104	7.747796
15	105	54.24024
274	105	26.292768
249	106	30.024082
156	106	40.876435
6	106	84.947223
4	106	12.165077
219	107	10.739343
183	108	19.925726
128	108	1.337465
75	108	31.20354
235	108	6.379382
167	108	3.068249
224	109	42.045742
243	109	55.451338
266	109	20.669922
143	110	60.520393
106	110	25.829712
225	111	50.486236
89	111	35.99521
219	112	49.726318
129	112	13.211313
196	113	51.903623
270	113	42.825916
26	113	3.538625
128	114	3.069576
240	114	32.358809
71	114	36.986774
19	114	4.958488
69	114	15.14238
276	114	4.01823
23	115	86.905654
222	115	30.169372
76	116	37.237138
84	116	7.250571
232	117	61.713538
87	117	4.721995
202	118	137.521885
147	118	53.796938
298	118	3.276899
95	118	15.965446
58	118	3.808257
99	119	27.350853
103	119	23.884359
64	120	36.146814
34	120	34.365593
25	120	15.21611
237	121	43.917633
32	121	5.825429
116	121	22.298536
152	121	1.226134
119	122	55.069053
206	122	33.927767
137	122	53.404001
103	122	24.66325
284	122	2.842045
217	123	259.220952
129	124	14.383808
111	124	19.526681
225	124	3.909183
92	125	140.358965
42	125	84.910558
196	126	113.902258
288	126	6.1613
265	127	63.336894
21	127	54.605833
212	128	71.9259
211	128	19.972366
120	128	12.443619
240	129	12.114903
219	129	8.739822
219	130	75.704687
113	130	18.744703
270	130	11.434469
283	131	16.861292
249	131	49.375104
187	131	5.721936
92	132	113.246595
43	132	7.188158
73	132	0.591765
33	133	47.808354
113	133	3.089957
167	133	30.760163
280	133	3.811935
36	134	27.553955
155	134	29.136973
116	134	5.864708
220	134	4.347277
106	135	11.535926
166	135	15.228684
115	135	2.373861
99	136	397.931999
91	137	100.669307
267	137	38.059617
265	138	10.525627
150	138	7.30979
127	138	1.025084
219	139	33.274481
101	139	13.793548
58	140	28.796007
66	140	74.20334
196	140	53.277888
63	141	42.81778
31	141	12.234802
281	141	2.515195
21	142	141.08692
115	142	42.404698
188	143	87.293014
294	143	41.854294
146	144	327.044837
169	145	81.247187
150	145	21.500601
188	145	10.342562
53	146	156.046539
156	146	105.906138
166	147	211.201078
188	147	124.40226
258	147	49.776405
147	148	103.166786
23	148	16.544387
42	148	1.942799
25	149	672.136665
43	150	45.626437
21	150	43.438722
132	150	25.789025
84	151	507.355915
197	151	0.675802
232	152	67.48539
149	152	22.004393
270	152	24.657309
77	153	91.977865
92	153	7.193138
188	154	65.266781
92	154	41.376526
222	154	1.005729
40	155	9.309386
277	155	4.211384
180	155	0.461585
261	156	13.187231
50	156	4.770408
25	156	4.074709
219	157	37.750491
290	157	11.38881
253	158	23.236662
4	158	57.02694
113	158	17.544072
185	159	122.602948
113	159	9.729721
298	159	6.591974
57	160	24.919314
58	160	44.191114
9	160	2.384688
262	160	13.723247
217	160	20.708168
247	160	8.262837
219	161	12.22809
139	161	15.750631
190	161	5.060561
150	162	92.629103
74	162	30.34195
128	163	62.214267
157	163	22.019602
111	163	4.141746
92	164	4.172174
131	164	125.763043
50	164	15.76957
147	164	9.752258
254	165	47.204123
113	165	8.031007
188	166	25.854626
125	166	19.374071
254	166	11.175972
69	167	174.897026
130	167	50.472822
180	167	24.589835
180	168	37.315711
53	168	12.980691
228	168	4.085297
125	169	71.838183
172	169	57.708741
127	169	19.624614
23	170	83.728226
42	170	44.213724
47	171	129.145218
62	171	40.832913
188	172	119.195368
265	172	66.388257
178	173	9.443347
165	173	62.617913
254	173	51.960297
188	173	15.458139
252	174	11.685933
270	174	57.900324
265	174	5.371426
84	175	6.322672
50	175	5.796859
147	176	13.914826
177	176	19.066133
187	176	15.695633
249	177	51.949189
96	177	43.580008
165	178	303.937625
254	178	31.145113
187	179	25.961216
132	179	20.111649
117	180	78.178424
276	180	8.9871
99	181	10.576836
224	181	4.178788
180	182	56.9169
296	182	21.923543
276	182	11.984785
76	183	35.424344
103	183	2.602449
116	183	1.49073
56	184	39.822207
11	184	37.106359
223	184	74.146062
212	185	11.693578
152	185	54.290402
211	185	6.71073
128	185	9.433055
91	186	57.849861
267	186	18.839216
42	187	7.910548
39	187	18.865336
78	187	34.641494
73	187	6.694552
254	188	87.619967
127	188	50.508549
218	189	76.087047
64	189	11.870263
197	189	10.308652
164	190	55.110932
111	190	2.507535
190	191	54.853394
218	191	54.095332
128	192	33.300017
203	192	83.523956
212	192	4.354226
274	193	46.969319
39	193	1.023945
102	194	16.599643
206	195	39.183661
111	195	13.994288
79	196	84.364026
90	196	19.958759
64	197	10.647941
218	197	9.535755
225	198	78.479805
172	198	46.158235
248	199	283.453341
243	199	51.733014
233	199	38.020848
234	199	10.340278
61	200	164.096583
216	200	39.146385
278	200	58.525856
70	200	4.311127
244	200	1.739858
294	201	29.705455
196	201	56.455966
73	201	10.540348
197	202	151.821556
189	202	22.392635
27	203	27.500448
217	203	41.379321
9	203	10.872562
2	203	10.430856
129	204	16.177291
71	204	4.695435
126	205	9.937111
32	205	19.32366
35	205	12.895975
71	206	112.108818
124	206	5.314556
173	207	16.144523
92	207	8.210966
178	207	50.863417
172	207	7.258394
140	208	7.312723
4	208	1.957381
225	208	14.557139
100	208	37.586126
58	208	1.626327
219	209	18.828058
89	209	13.562771
209	210	181.820062
127	210	6.649269
195	211	156.967055
211	212	88.047597
235	212	31.674613
65	212	17.46423
166	213	43.261399
254	213	6.703037
230	214	84.159072
258	214	11.492818
167	215	7.098762
5	215	11.319381
3	215	18.915667
20	215	12.016533
297	215	9.303218
264	216	326.109635
105	216	306.893255
104	216	119.009561
27	217	122.690743
2	217	8.300563
64	218	92.001986
84	218	24.203882
63	220	24.75413
246	220	13.672626
234	220	3.563957
87	221	34.311391
19	221	6.474407
232	221	10.670426
242	221	1.06139
127	222	25.791542
258	222	7.222865
188	222	21.07159
145	222	25.6908
23	222	3.190272
87	223	34.918433
232	223	38.066387
227	223	1.346547
211	224	48.539991
4	224	31.595708
34	224	3.844381
290	225	218.877756
233	225	95.123118
85	226	48.226261
198	226	30.843644
297	227	65.508365
226	228	86.506002
44	228	54.044903
23	229	15.511403
127	229	8.393726
231	230	97.061798
169	230	21.659395
229	230	48.108431
188	230	10.232192
229	231	119.689209
188	231	12.13786
92	231	5.313706
87	232	356.230861
219	233	81.784867
50	233	12.240658
129	234	49.56003
280	234	5.919227
236	235	214.753056
284	235	14.38864
224	235	7.272963
24	236	209.726725
106	236	29.816637
267	237	39.842164
5	237	32.077122
79	238	18.588256
142	238	14.859261
75	238	3.327381
42	239	42.775375
46	239	16.191658
225	240	114.241593
89	240	37.690358
57	241	79.020067
217	241	20.160313
223	242	47.946988
152	242	21.621355
117	242	12.950157
232	242	3.957489
251	243	5.357272
267	243	43.952212
261	243	11.250304
103	243	5.884252
207	244	63.629232
178	244	27.169484
127	245	29.251236
125	245	11.818054
240	246	48.551275
89	246	11.831696
280	246	1.11837
217	247	21.233914
2	247	26.768379
27	247	1.680071
154	248	210.401441
249	248	36.105283
80	248	22.9082
92	249	79.390417
143	249	28.263572
147	250	126.686932
172	250	14.456745
64	251	109.913009
189	251	33.623146
84	251	15.076029
153	252	158.047356
28	252	21.707127
41	252	6.579118
196	253	35.937001
201	253	21.511847
127	254	59.213765
265	254	57.444189
143	255	1.487437
161	255	14.312555
11	255	9.836314
90	255	0.110793
194	256	90.292189
224	256	31.261998
23	257	107.925546
222	257	28.412672
150	258	54.601277
92	258	18.70452
188	258	8.045925
77	259	39.46271
153	259	30.138318
64	260	35.977136
292	260	20.08461
261	260	6.158419
50	261	71.995524
149	261	33.505496
199	262	55.256327
151	262	9.554806
147	262	7.451551
277	263	141.396158
116	263	45.886997
78	264	56.706725
52	264	8.889737
42	265	81.063001
21	265	6.175705
28	266	84.863531
265	266	24.549796
164	267	78.035952
180	267	38.454762
150	268	20.917261
77	268	22.945597
43	268	13.228316
294	269	156.243172
268	269	75.163489
145	269	11.942167
224	270	3.279572
90	270	107.059783
65	270	13.369662
290	271	9.867324
89	271	18.946376
219	271	8.252987
273	272	36.132144
63	272	43.98505
90	272	18.803278
15	273	84.342377
259	273	25.747947
153	273	9.70111
145	274	3.385996
143	274	31.979092
73	274	23.052283
166	275	44.83997
294	275	51.141098
143	275	17.587262
272	276	240.542962
87	276	97.01935
65	276	55.315454
122	277	444.70913
140	277	77.135613
103	277	87.764532
25	278	6.174623
151	278	6.579879
120	278	3.025436
294	279	91.296894
219	280	64.299673
240	280	23.622984
113	281	14.124637
211	281	89.3087
126	281	19.33897
105	282	31.072565
227	282	35.822697
187	282	8.679836
92	283	74.8765
265	283	25.522644
188	283	9.615176
29	284	148.842226
50	284	103.032617
213	284	23.037103
79	285	58.892969
52	285	34.328593
193	286	34.614253
92	287	19.735372
82	287	42.315835
77	287	8.116093
289	288	173.753285
196	288	45.502855
140	288	9.870719
196	289	2.194912
42	289	46.318338
32	289	34.410546
209	290	55.756157
219	290	50.018185
265	291	64.950411
162	291	8.485506
189	292	53.588566
25	292	55.540411
34	292	1.996667
83	293	3.781702
289	293	8.874812
196	293	6.576887
132	294	152.160898
146	294	76.162734
91	295	56.573772
137	295	8.73448
49	296	19.541228
294	296	32.259742
73	296	24.370489
211	297	49.341075
280	297	24.263315
113	298	145.280978
65	298	116.336636
87	299	139.345139
19	299	12.123762
223	299	10.091797
111	300	10.872878
100	300	20.98335
47	300	15.915455
