300
15	1	13.389737
164	1	4.199366
213	2	114.873971
33	3	2.339045
102	3	18.474838
185	3	9.631655
50	3	7.07567
143	4	11.453392
15	4	22.726366
294	4	11.475932
15	5	30.533886
19	5	85.189341
263	5	33.02272
249	5	0.22226
24	6	415.982183
142	6	193.490996
219	7	110.944027
258	8	18.91047
166	8	7.514238
29	9	93.151987
21	9	101.878916
203	9	24.944013
45	9	17.392128
247	9	13.990416
127	10	46.712407
115	10	13.838256
12	11	127.848896
252	11	27.237672
230	12	28.052138
82	12	25.837786
265	12	22.044081
247	13	13.530342
203	13	29.989418
29	13	1.91361
2	13	0.39003
254	14	18.666549
222	14	6.933604
143	15	8.901457
115	15	39.393644
96	15	23.098797
41	16	9.903072
10	16	7.194524
162	16	0.024687
84	17	32.509851
249	17	14.248821
119	18	5.630415
223	19	54.465707
116	19	70.910472
276	19	20.208238
36	20	75.969833
295	20	11.881923
193	20	6.468681
146	21	468.751246
60	22	97.280694
23	22	64.042405
169	23	19.084699
92	23	54.949018
172	23	37.010089
146	24	213.516815
272	24	325.292245
21	24	59.600359
149	25	86.631874
292	25	41.941944
196	26	21.855117
28	26	69.44811
126	26	19.430816
247	27	42.092689
2	27	28.387182
213	27	6.801157
42	28	9.581359
125	28	20.959859
21	28	4.481919
247	29	37.307361
81	29	199.226878
45	29	65.603927
27	29	5.640127
205	30	2.269431
35	30	14.621218
285	30	4.126496
281	30	1.054742
282	31	27.251306
272	31	26.454681
237	31	5.573227
140	32	76.592555
26	32	40.550001
19	33	29.936393
81	33	6.005748
117	33	4.390912
84	34	68.524713
99	34	34.713237
126	35	117.873005
87	35	24.227279
180	36	36.960612
84	36	29.418288
23	37	41.331093
283	37	33.609501
188	37	13.437749
150	38	366.776164
143	39	5.493079
239	39	20.35489
92	39	17.291632
222	39	1.316161
47	40	77.600633
87	40	7.457053
19	40	6.283526
150	41	95.058542
42	41	26.021209
21	42	78.996597
125	42	57.231768
150	43	32.219008
73	43	28.471459
42	43	8.637474
261	44	2.712718
180	44	28.799933
36	44	5.145493
6	45	30.645462
81	45	19.999416
169	46	127.808048
22	46	45.855206
48	47	361.963959
243	47	35.028046
182	48	41.226194
14	48	26.315163
129	48	10.418579
21	49	345.606005
43	49	27.315606
42	49	11.676818
22	49	30.156597
125	49	1.343166
64	50	254.643493
87	51	61.727278
181	51	18.124386
162	52	174.43202
126	52	114.484492
183	53	28.085789
116	53	12.844689
232	53	2.923756
43	54	34.263835
41	54	59.452113
187	54	6.077487
5	55	115.914349
78	55	22.158713
111	56	68.361325
219	56	21.826586
217	57	65.764449
13	57	0.963303
39	58	115.551085
298	58	117.128879
262	58	8.684646
113	59	11.004536
254	59	16.196106
174	59	2.552881
43	60	34.463748
294	60	7.094413
268	60	0.467517
92	61	3.597427
225	61	13.936076
172	61	4.882968
254	62	60.664571
291	62	36.442807
111	63	5.944683
283	63	5.027515
243	63	4.770385
149	64	119.945821
218	64	57.710943
34	65	15.354391
202	65	1.660579
261	66	34.625562
50	66	19.500989
120	66	2.081779
71	67	29.979633
189	67	16.830662
92	68	65.292252
142	68	142.692031
287	68	12.314912
82	68	3.325042
110	69	38.199437
267	69	74.767991
143	69	6.259377
178	70	78.328891
163	70	43.314177
110	70	21.70749
139	71	56.67835
225	71	48.156934
234	71	14.681908
290	71	10.648941
110	72	119.157227
206	72	43.707622
219	72	21.036452
169	73	58.987296
41	73	49.883668
132	73	7.504261
28	74	12.424306
269	74	4.410217
74	75	66.017585
171	75	22.948357
117	76	60.715098
232	76	2.217589
125	77	7.466759
73	77	13.550758
28	77	0.853924
73	78	26.439921
97	78	2.828451
80	79	69.078139
294	79	30.315466
43	80	70.51358
21	80	44.572763
243	81	155.618487
92	82	66.630734
231	82	17.92747
127	82	8.973922
196	83	23.702982
289	83	8.301688
126	83	1.473787
25	84	197.358833
218	84	27.486724
245	85	79.896523
145	85	95.020795
295	86	12.603223
300	86	18.425979
47	86	8.510821
298	86	9.530405
6	86	3.325317
232	87	201.313569
76	87	30.155135
162	88	14.718147
164	88	30.663512
147	88	15.185281
219	89	58.969366
157	89	25.844187
80	90	52.316106
188	90	72.619774
132	90	15.397432
28	90	2.32619
137	91	69.672076
196	91	32.77928
267	91	20.115727
132	92	144.423458
150	92	50.935096
38	93	21.239857
73	93	2.317132
230	93	0.51385
294	94	21.770569
196	94	68.058982
49	94	11.731438
100	95	32.430163
208	95	13.046389
92	96	92.450542
39	96	26.306862
90	97	14.077537
196	97	33.766424
294	97	19.954014
80	97	8.331846
69	98	45.901751
103	98	29.810951
218	99	120.582666
189	99	44.786112
235	100	22.885607
25	100	3.902563
224	100	2.706092
89	101	56.429851
280	101	16.370404
293	102	57.66247
294	102	15.158815
95	102	7.275229
117	103	69.469752
149	103	23.500271
294	103	5.737886
89	104	85.704423
66	104	20.171869
15	105	54.24024
274	105	26.292768
249	106	30.024082
156	106	40.876435
6	106	84.947223
4	106	12.165077
219	107	10.739343
183	108	19.925726
128	108	1.337465
75	108	31.20354
235	108	6.379382
167	108	3.068249
224	109	42.045742
243	109	55.451338
266	109	20.669922
143	110	60.520393
106	110	25.829712
225	111	50.486236
89	111	35.99521
219	112	49.726318
129	112	13.211313
196	113	51.903623
270	113	42.825916
26	113	3.538625
128	114	3.069576
240	114	32.358809
71	114	36.986774
19	114	4.958488
69	114	15.14238
276	114	4.01823
23	115	86.905654
222	115	30.169372
76	116	37.237138
84	116	7.250571
232	117	349.23463
202	118	137.521885
147	118	53.796938
298	118	3.276899
95	118	15.965446
58	118	3.808257
99	119	27.350853
103	119	23.884359
64	120	36.146814
34	120	34.365593
25	120	15.21611
237	121	43.917633
32	121	5.825429
116	121	22.298536
152	121	1.226134
277	122	346.962703
263	122	15.315444
155	122	16.039525
137	122	12.214737
217	123	259.220952
157	124	137.73529
92	125	138.340799
21	125	45.339808
288	126	91.346188
79	126	3.981178
42	127	18.836134
230	127	84.820979
265	127	14.788375
212	128	71.9259
211	128	19.972366
120	128	12.443619
240	129	12.114903
219	129	8.739822
219	130	75.704687
113	130	18.744703
270	130	11.434469
283	131	16.861292
249	131	49.375104
187	131	5.721936
150	132	92.740544
38	132	28.456841
33	133	47.808354
113	133	3.089957
167	133	30.760163
280	133	3.811935
36	134	27.553955
155	134	29.136973
116	134	5.864708
220	134	4.347277
106	135	11.535926
166	135	15.228684
115	135	2.373861
99	136	397.931999
267	137	134.132047
285	137	30.613765
265	138	10.525627
150	138	7.30979
127	138	1.025084
219	139	33.274481
101	139	13.793548
58	140	11.918229
66	140	74.184195
288	140	36.660423
298	140	2.057007
63	141	27.26137
31	141	22.27862
86	141	5.270357
21	142	141.08692
115	142	42.404698
188	143	87.293014
294	143	41.854294
146	144	327.044837
169	145	54.465483
150	145	36.870776
46	145	5.682442
53	146	156.046539
156	146	105.906138
166	147	189.010748
188	147	150.307357
172	147	12.656372
147	148	103.166786
23	148	16.544387
42	148	1.942799
218	149	120.087639
197	149	17.357077
21	150	439.304388
84	151	507.355915
197	151	0.675802
232	152	67.48539
149	152	22.004393
270	152	24.657309
259	153	148.712076
92	153	72.723692
188	154	65.266781
92	154	41.376526
222	154	1.005729
40	155	9.309386
277	155	4.211384
180	155	0.461585
261	156	13.187231
50	156	4.770408
25	156	4.074709
253	158	23.236662
4	158	57.02694
113	158	17.544072
185	159	122.602948
113	159	9.729721
298	159	6.591974
57	160	24.919314
58	160	44.191114
9	160	2.384688
262	160	13.723247
217	160	20.708168
247	160	8.262837
219	161	12.22809
139	161	15.750631
190	161	5.060561
150	162	92.629103
74	162	30.34195
128	163	62.214267
157	163	22.019602
111	163	4.141746
92	164	4.172174
131	164	125.763043
50	164	15.76957
147	164	9.752258
178	165	419.165278
188	166	25.854626
125	166	19.374071
254	166	11.175972
69	167	174.897026
130	167	50.472822
180	167	24.589835
180	168	37.315711
53	168	12.980691
228	168	4.085297
125	169	46.251986
172	169	76.399045
21	169	9.132136
23	170	43.501616
73	170	11.439763
42	170	4.299787
47	171	129.145218
62	171	40.832913
92	172	158.597094
265	172	108.986483
207	173	29.464087
165	173	132.108491
254	173	59.642878
188	173	18.944532
252	174	11.685933
270	174	57.900324
265	174	5.371426
84	175	6.322672
50	175	5.796859
147	176	13.914826
177	176	19.066133
187	176	15.695633
249	177	51.949189
96	177	43.580008
254	178	145.87818
187	179	25.961216
132	179	20.111649
117	180	30.796923
267	180	63.630488
65	180	5.24327
276	180	3.133484
99	181	98.541716
180	182	56.9169
296	182	21.923543
276	182	11.984785
76	183	41.466093
51	183	13.389169
116	183	5.586935
56	184	39.822207
11	184	37.106359
223	184	74.146062
212	185	11.693578
152	185	54.290402
211	185	6.71073
128	185	9.433055
91	186	57.849861
267	186	18.839216
42	187	7.910548
39	187	18.865336
78	187	34.641494
73	187	6.694552
172	188	68.759494
145	188	26.246814
218	189	76.087047
64	189	11.870263
197	189	10.308652
164	190	55.110932
111	190	2.507535
190	191	54.853394
218	191	54.095332
128	192	33.300017
203	192	83.523956
212	192	4.354226
274	193	46.969319
39	193	1.023945
256	194	3.120661
102	194	2.81361
206	195	12.010565
164	195	12.522102
111	195	10.525226
126	196	180.93892
90	196	25.173578
79	196	14.265856
225	198	78.479805
172	198	46.158235
248	199	215.104718
243	199	160.273495
61	200	164.096583
216	200	39.146385
278	200	58.525856
70	200	4.311127
244	200	1.739858
294	201	33.553867
90	201	25.729795
73	201	6.121387
197	202	151.821556
189	202	22.392635
27	203	35.40284
2	203	8.496196
247	203	3.755707
129	204	16.177291
71	204	4.695435
126	205	9.937111
32	205	19.32366
35	205	12.895975
124	206	66.475549
263	206	105.508864
273	206	0.531601
244	207	17.204879
178	207	104.422652
172	207	14.907634
92	207	2.272888
140	208	7.312723
4	208	1.957381
225	208	14.557139
100	208	37.586126
58	208	1.626327
219	209	18.828058
89	209	13.562771
209	210	181.820062
127	210	6.649269
65	211	16.954517
195	211	32.115511
270	211	12.096391
100	211	9.953366
211	212	88.047597
235	212	31.674613
65	212	17.46423
166	213	43.261399
254	213	6.703037
230	214	84.159072
258	214	11.492818
167	215	7.098762
5	215	11.319381
3	215	18.915667
20	215	12.016533
297	215	9.303218
264	216	326.109635
105	216	306.893255
104	216	119.009561
27	217	136.272812
13	217	26.74785
197	218	589.58395
206	219	52.969088
157	219	0.873318
63	220	24.75413
246	220	13.672626
234	220	3.563957
87	221	34.311391
19	221	6.474407
232	221	10.670426
242	221	1.06139
127	222	25.791542
258	222	7.222865
188	222	21.07159
145	222	25.6908
23	222	3.190272
87	223	34.918433
232	223	38.066387
227	223	1.346547
65	224	107.147523
4	224	58.995585
290	225	195.163903
233	225	77.545168
206	225	1.253235
85	226	48.226261
198	226	30.843644
297	227	24.828902
87	227	24.561258
226	228	86.506002
44	228	54.044903
23	229	32.841655
170	229	5.934625
231	230	97.061798
169	230	21.659395
229	230	48.108431
188	230	10.232192
229	231	119.689209
188	231	12.13786
92	231	5.313706
219	233	17.535323
104	233	51.015238
206	233	9.553872
129	234	49.56003
280	234	5.919227
236	235	214.753056
284	235	14.38864
224	235	7.272963
24	236	209.726725
106	236	29.816637
267	237	39.842164
5	237	32.077122
79	238	18.588256
142	238	14.859261
75	238	3.327381
42	239	42.775375
46	239	16.191658
225	240	114.241593
89	240	37.690358
57	241	79.020067
217	241	20.160313
223	242	47.946988
152	242	21.621355
117	242	12.950157
232	242	3.957489
251	243	5.357272
267	243	43.952212
261	243	11.250304
103	243	5.884252
178	244	217.712862
172	244	44.907386
127	245	29.251236
125	245	11.818054
240	246	48.551275
89	246	11.831696
280	246	1.11837
2	247	185.343816
45	247	19.460115
154	248	210.401441
249	248	36.105283
80	248	22.9082
92	249	79.390417
143	249	28.263572
147	250	126.686932
172	250	14.456745
64	251	61.869687
189	251	32.695535
149	251	5.023239
153	252	158.047356
28	252	21.707127
41	252	6.579118
196	253	35.937001
201	253	21.511847
127	254	38.860654
265	254	33.178151
188	254	41.894092
42	254	10.083267
143	255	1.487437
161	255	14.312555
11	255	9.836314
90	255	0.110793
207	256	34.117945
224	256	13.754667
23	257	107.925546
222	257	28.412672
150	258	47.588923
92	258	43.218142
148	258	19.829978
77	259	114.725992
273	259	3.91545
64	260	35.977136
292	260	20.08461
261	260	6.158419
50	261	71.995524
149	261	33.505496
199	262	55.256327
151	262	9.554806
147	262	7.451551
277	263	141.396158
116	263	45.886997
78	264	56.706725
52	264	8.889737
42	265	108.782857
92	265	95.895043
28	266	84.863531
265	266	24.549796
164	267	21.143148
39	267	14.368061
150	268	20.917261
77	268	22.945597
43	268	13.228316
92	269	152.055587
268	269	143.058916
224	270	3.714833
83	270	74.517654
65	270	8.8149
92	270	28.732091
290	271	9.867324
89	271	18.946376
219	271	8.252987
273	272	36.132144
63	272	43.98505
90	272	18.803278
77	273	160.38001
15	273	51.516853
145	274	3.385996
143	274	31.979092
73	274	23.052283
166	275	44.83997
294	275	51.141098
143	275	17.587262
272	276	240.542962
87	276	97.01935
65	276	55.315454
119	277	85.525898
140	277	28.905522
103	277	16.611102
25	278	6.174623
151	278	6.579879
120	278	3.025436
294	279	91.296894
219	280	26.776972
297	280	15.071077
240	280	36.100435
298	280	13.511982
113	281	60.81262
35	281	41.635846
211	281	90.569216
105	282	31.072565
227	282	35.822697
187	282	8.679836
92	283	74.8765
265	283	25.522644
188	283	9.615176
29	284	148.842226
50	284	103.032617
213	284	23.037103
79	285	58.892969
52	285	34.328593
193	286	34.614253
92	287	19.735372
82	287	42.315835
77	287	8.116093
79	288	57.701629
201	288	16.388946
288	289	372.950076
209	290	28.758722
219	290	30.671241
157	290	2.500602
265	291	64.950411
162	291	8.485506
189	292	5.012474
251	292	94.784243
99	292	0.618366
83	293	3.781702
289	293	8.874812
196	293	6.576887
269	294	5.894813
132	294	65.25191
146	294	3.772923
91	295	56.573772
137	295	8.73448
49	296	19.541228
294	296	32.259742
73	296	24.370489
211	297	80.738221
126	297	32.92485
113	298	25.899986
65	298	112.359299
83	298	5.5051
87	299	139.345139
19	299	12.123762
223	299	10.091797
111	300	10.872878
100	300	20.98335
47	300	15.915455
