300
15	1	13.389737
164	1	4.199366
247	2	239.650803
33	3	2.339045
102	3	18.474838
185	3	9.631655
50	3	7.07567
143	4	26.468323
15	4	6.384744
188	4	1.419197
15	5	30.533886
19	5	85.189341
263	5	33.02272
249	5	0.22226
24	6	415.982183
142	6	193.490996
219	7	110.944027
258	8	18.91047
166	8	7.514238
45	9	127.635108
146	9	112.135669
127	10	46.712407
115	10	13.838256
12	11	127.848896
252	11	27.237672
230	12	110.304792
265	12	34.29958
247	13	13.530342
203	13	29.989418
29	13	1.91361
2	13	0.39003
254	14	18.666549
222	14	6.933604
143	15	8.901457
115	15	39.393644
96	15	23.098797
41	16	9.903072
10	16	7.194524
162	16	0.024687
84	17	32.509851
249	17	14.248821
119	18	5.630415
223	19	30.410255
116	19	53.722806
40	19	3.938729
276	19	1.071076
36	20	75.969833
295	20	11.881923
193	20	6.468681
49	21	447.919508
68	21	24.238168
106	21	4.480387
60	22	97.280694
23	22	64.042405
146	24	337.525978
272	24	212.018868
188	24	55.515352
149	25	13.891801
120	25	10.713614
292	25	9.331635
196	26	21.855117
28	26	69.44811
126	26	19.430816
247	27	42.092689
2	27	28.387182
213	27	6.801157
42	28	39.154944
252	28	28.618865
125	28	26.733059
9	29	72.847462
81	29	39.120897
45	29	7.385297
205	30	2.269431
35	30	14.621218
285	30	4.126496
281	30	1.054742
282	31	27.251306
272	31	26.454681
237	31	5.573227
140	32	76.592555
26	32	40.550001
19	33	29.936393
81	33	6.005748
117	33	4.390912
84	34	18.34954
99	34	11.917516
120	34	3.314417
126	35	35.181424
87	35	16.226788
205	35	4.126124
180	36	36.960612
84	36	29.418288
23	37	41.331093
283	37	33.609501
188	37	13.437749
150	38	7.851229
132	38	10.406178
92	38	9.867094
143	39	12.376576
92	39	12.312135
150	39	12.781757
47	40	55.34995
87	40	29.63125
103	40	1.210781
150	41	11.507219
54	41	27.074675
73	41	9.337152
265	42	115.626908
43	42	17.543924
54	42	0.726736
150	43	90.627237
73	43	65.219951
261	44	29.312285
228	44	34.44622
270	44	0.825945
6	45	30.645462
81	45	19.999416
169	46	26.315079
22	46	16.981363
145	46	2.648808
14	47	70.659509
243	47	55.205123
47	48	360.588092
129	48	12.619585
43	49	150.099118
146	49	333.838524
265	49	33.311046
64	50	48.86653
164	50	48.374104
87	51	61.727278
181	51	18.124386
162	52	174.43202
126	52	114.484492
183	53	53.987553
17	53	4.777007
232	53	4.40548
150	54	25.234499
43	54	8.297949
73	54	1.660644
5	55	115.914349
78	55	22.158713
111	56	68.361325
219	56	21.826586
217	57	65.764449
13	57	0.963303
39	58	115.551085
298	58	117.128879
262	58	8.684646
113	59	11.004536
254	59	16.196106
174	59	2.552881
43	60	34.463748
294	60	7.094413
268	60	0.467517
92	61	3.597427
225	61	13.936076
172	61	4.882968
254	62	25.421166
127	62	13.202722
162	62	12.921134
111	63	5.944683
283	63	5.027515
243	63	4.770385
218	64	195.014081
189	64	37.7731
224	65	85.487898
202	65	10.131136
50	66	29.316208
71	66	42.347706
120	66	35.441565
71	67	29.979633
189	67	16.830662
92	68	122.181387
49	68	105.741336
82	68	47.715127
110	69	38.199437
267	69	74.767991
143	69	6.259377
178	70	78.328891
163	70	43.314177
110	70	21.70749
225	71	37.970723
234	71	34.333296
219	71	27.73795
110	72	119.157227
206	72	43.707622
219	72	21.036452
169	73	84.350906
150	73	44.247593
28	74	12.424306
269	74	4.410217
74	75	66.017585
171	75	22.948357
117	76	36.158658
299	76	14.84332
243	76	0.225592
125	77	42.076418
73	77	28.06879
73	78	26.439921
97	78	2.828451
196	79	113.361491
73	79	38.590213
294	79	25.694263
97	79	3.250241
43	80	70.51358
21	80	44.572763
243	81	155.618487
92	82	62.628377
12	82	26.646582
231	82	7.879761
196	83	34.315262
298	83	30.249057
288	83	9.613458
25	84	197.358833
218	84	27.486724
245	85	79.896523
145	85	95.020795
295	86	12.603223
300	86	18.425979
47	86	8.510821
298	86	9.530405
6	86	3.325317
299	87	98.981847
223	87	34.777889
232	87	28.726216
162	88	14.718147
164	88	30.663512
147	88	15.185281
219	89	64.023433
233	89	35.235713
80	90	52.316106
188	90	72.619774
132	90	15.397432
28	90	2.32619
267	91	129.916077
196	91	35.740803
264	91	11.097886
132	92	148.979866
169	92	41.260836
150	92	9.513449
38	93	21.239857
73	93	2.317132
230	93	0.51385
42	94	97.488488
196	94	49.762895
100	95	32.430163
208	95	13.046389
92	96	92.450542
39	96	26.306862
90	97	14.077537
196	97	33.766424
294	97	19.954014
80	97	8.331846
69	98	45.901751
103	98	29.810951
218	99	120.582666
189	99	44.786112
235	100	22.885607
25	100	3.902563
224	100	2.706092
280	101	46.361767
71	101	65.381555
293	102	57.66247
294	102	15.158815
95	102	7.275229
117	103	90.805572
149	103	53.507121
89	104	34.002359
233	104	37.894469
219	104	7.747796
15	105	54.24024
274	105	26.292768
24	106	73.246077
249	106	40.61306
156	106	36.868591
219	107	10.739343
183	108	19.925726
128	108	1.337465
75	108	31.20354
235	108	6.379382
167	108	3.068249
224	109	42.045742
243	109	55.451338
266	109	20.669922
143	110	60.520393
106	110	25.829712
225	111	50.486236
89	111	35.99521
219	112	49.726318
129	112	13.211313
270	113	67.963388
90	113	46.615498
128	114	3.069576
240	114	32.358809
71	114	36.986774
19	114	4.958488
69	114	15.14238
276	114	4.01823
23	115	86.905654
222	115	30.169372
53	116	65.607124
218	116	43.676003
202	118	137.521885
147	118	53.796938
298	118	3.276899
95	118	15.965446
58	118	3.808257
99	119	27.350853
103	119	23.884359
64	120	140.260731
189	120	29.115469
237	121	43.917633
32	121	5.825429
116	121	22.298536
152	121	1.226134
119	122	64.504261
155	122	19.957779
137	122	46.599491
103	122	12.784719
284	122	2.249858
217	123	259.220952
129	124	14.383808
111	124	19.526681
225	124	3.909183
92	125	53.864005
42	125	31.128502
169	125	3.605618
196	126	113.902258
288	126	6.1613
42	127	74.392133
23	127	26.142059
92	127	12.616507
212	128	71.9259
211	128	19.972366
120	128	12.443619
240	129	12.114903
219	129	8.739822
219	130	75.704687
113	130	18.744703
270	130	11.434469
283	131	7.185456
249	131	39.73396
169	131	5.163443
150	132	63.873062
169	132	28.139665
33	133	47.808354
113	133	3.089957
167	133	30.760163
280	133	3.811935
36	134	27.553955
155	134	29.136973
116	134	5.864708
220	134	4.347277
106	135	11.535926
166	135	15.228684
115	135	2.373861
99	136	397.931999
91	137	100.669307
267	137	38.059617
265	138	10.525627
150	138	7.30979
127	138	1.025084
71	139	42.900382
219	139	30.320371
58	140	28.796007
66	140	74.20334
196	140	53.277888
63	141	27.26137
31	141	22.27862
86	141	5.270357
21	142	141.08692
115	142	42.404698
188	143	53.473809
132	143	32.347013
146	144	327.044837
169	145	93.206264
23	145	43.183406
53	146	175.929943
156	146	119.494882
269	146	51.673407
166	147	189.010748
188	147	150.307357
172	147	12.656372
147	148	103.166786
23	148	16.544387
42	148	1.942799
64	149	62.320734
251	149	9.69784
120	149	3.327848
145	150	54.328852
169	150	37.72901
84	151	507.355915
197	151	0.675802
232	152	67.48539
149	152	22.004393
270	152	24.657309
77	153	91.977865
92	153	7.193138
188	154	65.266781
92	154	41.376526
222	154	1.005729
40	155	45.685801
110	155	9.480625
261	156	13.187231
50	156	4.770408
25	156	4.074709
253	158	23.236662
4	158	57.02694
113	158	17.544072
298	159	28.507947
26	159	29.523845
65	159	3.360428
57	160	24.919314
58	160	44.191114
9	160	2.384688
262	160	13.723247
217	160	20.708168
247	160	8.262837
219	161	12.22809
139	161	15.750631
190	161	5.060561
150	162	92.629103
74	162	30.34195
128	163	62.214267
157	163	22.019602
111	163	4.141746
92	164	162.222142
131	164	118.4489
147	164	11.847145
173	165	138.111285
254	165	44.19978
207	165	2.510404
188	166	25.854626
125	166	19.374071
254	166	11.175972
69	167	174.897026
130	167	50.472822
180	167	24.589835
180	168	37.315711
53	168	12.980691
228	168	4.085297
23	169	499.738593
23	170	43.501616
73	170	11.439763
42	170	4.299787
47	171	129.145218
62	171	40.832913
92	172	93.271816
23	172	28.71144
169	172	22.963923
254	173	139.664024
127	173	23.446572
188	173	6.246225
252	174	11.685933
270	174	57.900324
265	174	5.371426
84	175	6.322672
50	175	5.796859
147	176	13.914826
177	176	19.066133
187	176	15.695633
249	177	51.949189
96	177	43.580008
165	178	167.669364
207	178	65.234992
187	179	25.961216
132	179	20.111649
117	180	62.32167
267	180	61.866324
65	180	22.070281
99	181	10.576836
224	181	4.178788
180	182	110.766859
48	182	27.753219
76	183	41.712315
51	183	11.270848
103	183	4.580333
56	184	39.822207
11	184	37.106359
223	184	74.146062
159	185	151.884446
224	185	60.897952
91	186	57.849861
267	186	18.839216
42	187	7.910548
39	187	18.865336
78	187	34.641494
73	187	6.694552
172	188	42.130078
254	188	91.980106
150	188	12.675699
127	188	10.982444
218	189	589.401008
164	190	33.68349
191	190	25.391009
111	190	4.808567
50	191	177.395321
128	192	33.300017
203	192	83.523956
212	192	4.354226
274	193	46.969319
39	193	1.023945
102	194	16.599643
206	195	32.588833
211	195	95.105783
111	195	16.228134
113	196	154.460408
90	196	10.908933
202	197	53.937803
64	197	17.261415
225	198	78.479805
172	198	46.158235
248	199	283.453341
243	199	51.733014
233	199	38.020848
234	199	10.340278
61	200	164.096583
216	200	39.146385
278	200	58.525856
70	200	4.311127
244	200	1.739858
294	201	29.705455
196	201	56.455966
73	201	10.540348
218	202	62.122286
189	202	34.795927
27	203	35.532533
2	203	4.714651
247	203	14.357121
9	203	0.399891
129	204	16.177291
71	204	4.695435
126	205	67.609561
32	205	14.90988
71	206	55.089111
263	206	25.929023
124	206	23.156835
173	207	253.041555
92	207	37.865896
188	207	6.087828
140	208	7.312723
4	208	1.957381
225	208	14.557139
100	208	37.586126
58	208	1.626327
210	209	169.101501
219	209	14.346068
89	210	57.190183
127	210	45.923447
65	211	24.827991
270	211	24.317312
100	211	10.326721
211	212	52.546323
185	212	29.178385
236	212	45.081546
65	212	6.155494
166	213	76.350561
284	213	44.388686
230	214	84.159072
258	214	11.492818
167	215	7.098762
5	215	11.319381
3	215	18.915667
20	215	12.016533
297	215	9.303218
264	216	326.109635
105	216	306.893255
104	216	119.009561
27	217	136.272812
13	217	26.74785
157	219	164.801971
63	220	24.75413
246	220	13.672626
234	220	3.563957
87	221	34.311391
19	221	6.474407
232	221	10.670426
242	221	1.06139
127	222	25.791542
258	222	7.222865
188	222	21.07159
145	222	25.6908
23	222	3.190272
232	223	97.292525
117	223	18.261287
4	224	56.968193
197	224	30.694087
290	225	218.877756
233	225	95.123118
85	226	48.226261
198	226	30.843644
87	227	36.513618
91	227	14.708846
226	228	46.172936
180	228	12.958901
230	229	374.54619
127	230	16.707332
188	230	32.993161
170	230	28.01221
23	230	4.041096
230	231	661.401645
117	232	187.29851
276	232	23.808126
219	233	81.784867
50	233	12.240658
129	234	49.56003
280	234	5.919227
236	235	214.753056
284	235	14.38864
224	235	7.272963
24	236	209.726725
106	236	29.816637
267	237	39.842164
5	237	32.077122
79	238	18.588256
142	238	14.859261
75	238	3.327381
42	239	15.356086
39	239	25.55575
22	239	8.016635
225	240	114.241593
89	240	37.690358
57	241	79.020067
217	241	20.160313
223	242	47.946988
152	242	21.621355
117	242	12.950157
232	242	3.957489
251	243	31.704236
103	243	17.368665
207	244	63.629232
178	244	27.169484
127	245	29.251236
125	245	11.818054
240	246	48.551275
89	246	11.831696
280	246	1.11837
29	247	143.449943
9	247	96.949961
154	248	210.401441
249	248	36.105283
80	248	22.9082
92	249	79.390417
143	249	28.263572
147	250	126.686932
172	250	14.456745
64	251	74.201346
189	251	18.241167
292	251	2.01879
153	252	160.802855
41	252	21.51883
125	252	19.671911
196	253	35.937001
201	253	21.511847
127	254	59.213765
265	254	57.444189
143	255	1.487437
161	255	14.312555
11	255	9.836314
90	255	0.110793
194	256	90.292189
224	256	31.261998
23	257	107.925546
222	257	28.412672
150	258	47.588923
92	258	43.218142
148	258	19.829978
77	259	39.46271
153	259	30.138318
64	260	35.977136
292	260	20.08461
261	260	6.158419
66	261	115.777806
149	261	21.492147
243	261	3.703892
199	262	55.256327
151	262	9.554806
147	262	7.451551
277	263	141.396158
116	263	45.886997
78	264	56.706725
52	264	8.889737
92	265	98.220697
172	265	24.998581
169	265	11.192723
28	266	84.863531
265	266	24.549796
164	267	69.708694
243	267	61.022141
150	268	20.917261
77	268	22.945597
43	268	13.228316
92	269	138.859622
268	269	84.675064
145	269	3.026809
224	270	3.279572
90	270	107.059783
65	270	13.369662
290	271	9.867324
89	271	18.946376
219	271	8.252987
273	272	47.314967
63	272	54.380754
188	272	18.391025
15	273	84.342377
259	273	25.747947
153	273	9.70111
145	274	3.385996
143	274	31.979092
73	274	23.052283
166	275	44.83997
294	275	51.141098
143	275	17.587262
272	276	218.442413
65	276	16.299574
182	276	21.908793
117	276	15.534576
122	277	444.70913
140	277	77.135613
103	277	87.764532
25	278	6.174623
151	278	6.579879
120	278	3.025436
294	279	91.296894
219	280	64.299673
240	280	23.622984
113	281	60.812624
211	281	90.569216
35	281	41.635846
105	282	31.072565
227	282	35.822697
187	282	8.679836
92	283	74.8765
265	283	25.522644
188	283	9.615176
29	284	188.567267
50	284	76.405272
120	284	12.975389
79	285	58.892969
52	285	34.328593
193	286	34.614253
82	287	16.180779
77	287	36.361481
68	287	30.634447
196	288	15.679755
140	288	24.61378
79	288	18.290548
288	289	147.099331
32	289	11.873679
42	289	1.576452
209	290	28.758722
219	290	30.671241
157	290	2.500602
265	291	47.831605
62	291	30.105281
218	292	41.327529
189	292	14.637323
120	292	5.660262
83	293	3.781702
289	293	8.874812
196	293	6.576887
269	294	50.299347
94	294	69.314452
132	294	6.853514
4	294	1.79996
91	295	56.573772
137	295	8.73448
49	296	19.541228
294	296	32.259742
73	296	24.370489
227	297	91.791792
211	297	34.827098
280	297	12.878926
113	298	145.280978
65	298	116.336636
223	299	52.615582
232	299	39.314797
276	299	14.388599
111	300	10.872878
100	300	20.98335
47	300	15.915455
