300
15	1	13.389737
164	1	4.199366
247	2	30.811172
27	2	5.141703
33	3	2.339045
102	3	18.474838
185	3	9.631655
50	3	7.07567
143	4	11.453392
15	4	22.726366
294	4	11.475932
15	5	30.533886
19	5	85.189341
263	5	33.02272
249	5	0.22226
21	6	344.966003
142	6	2.608235
219	7	110.944027
258	8	18.91047
166	8	7.514238
29	9	79.889966
21	9	122.374149
203	9	29.402721
247	9	13.714342
127	10	46.712407
115	10	13.838256
12	11	127.848896
252	11	27.237672
230	12	28.052138
82	12	25.837786
265	12	22.044081
247	13	28.424713
203	13	37.039078
29	13	10.989548
217	13	7.849073
254	14	18.666549
222	14	6.933604
143	15	8.901457
115	15	39.393644
96	15	23.098797
41	16	9.903072
10	16	7.194524
162	16	0.024687
84	17	32.509851
249	17	14.248821
119	18	5.630415
40	19	45.820123
276	19	42.871053
36	20	75.969833
295	20	11.881923
193	20	6.468681
49	21	544.337298
68	21	39.844757
60	22	97.280694
23	22	64.042405
172	23	104.412961
92	23	117.970839
146	24	213.516815
272	24	325.292245
21	24	59.600359
149	25	15.943509
120	25	16.357579
251	25	5.030285
196	26	21.855117
28	26	69.44811
126	26	19.430816
213	27	122.598452
42	28	58.560379
125	28	53.235827
247	29	71.86861
81	29	167.862047
217	29	35.267865
205	30	2.269431
35	30	14.621218
285	30	4.126496
281	30	1.054742
282	31	27.251306
272	31	26.454681
237	31	5.573227
113	32	11.740477
281	32	13.987234
83	32	2.241536
19	33	29.936393
81	33	6.005748
117	33	4.390912
120	34	41.015864
251	34	47.555487
126	35	117.873005
87	35	24.227279
180	36	36.960612
84	36	29.418288
23	37	41.331093
283	37	33.609501
188	37	13.437749
150	38	7.851229
132	38	10.406178
92	38	9.867094
143	39	5.493079
239	39	20.35489
92	39	17.291632
222	39	1.316161
47	40	97.099942
276	40	20.34283
150	41	11.507219
54	41	27.074675
73	41	9.337152
265	42	87.492612
125	42	59.407116
73	43	94.419886
42	43	67.045703
261	44	2.712718
180	44	28.799933
36	44	5.145493
6	45	95.83706
9	45	85.845983
169	46	26.315079
22	46	16.981363
145	46	2.648808
48	47	361.963959
243	47	35.028046
182	48	41.226194
14	48	26.315163
129	48	10.418579
43	49	0.741628
22	49	5.476655
42	49	0.767436
64	50	48.86653
164	50	48.374104
87	51	61.727278
181	51	18.124386
162	52	174.43202
126	52	114.484492
183	53	36.82433
116	53	20.812119
180	53	4.952263
150	54	20.386607
43	54	12.469564
42	54	8.139476
5	55	115.914349
78	55	22.158713
111	56	68.361325
219	56	21.826586
217	57	65.764449
13	57	0.963303
39	58	115.551085
298	58	117.128879
262	58	8.684646
113	59	11.004536
254	59	16.196106
174	59	2.552881
43	60	88.83362
294	60	19.883547
92	61	3.597427
225	61	13.936076
172	61	4.882968
254	62	25.421166
127	62	13.202722
162	62	12.921134
283	63	21.064778
45	63	31.532068
246	63	17.622663
243	63	10.080113
224	65	38.933183
270	65	2.745844
202	65	1.475345
50	66	29.316208
71	66	42.347706
120	66	35.441565
71	67	29.979633
189	67	16.830662
49	68	108.23437
82	68	126.909562
294	68	129.458911
110	69	38.199437
267	69	74.767991
143	69	6.259377
178	70	78.328891
163	70	43.314177
110	70	21.70749
139	71	56.67835
225	71	48.156934
234	71	14.681908
290	71	10.648941
110	72	119.157227
206	72	43.707622
219	72	21.036452
169	73	11.101894
170	73	6.326957
132	73	5.467099
42	73	1.267937
28	74	12.424306
269	74	4.410217
74	75	66.017585
171	75	22.948357
117	76	36.158658
299	76	14.84332
243	76	0.225592
125	77	11.661963
153	77	69.462353
150	77	12.921815
73	78	26.439921
97	78	2.828451
196	79	113.361491
73	79	38.590213
294	79	25.694263
97	79	3.250241
43	80	55.19005
42	80	38.600076
243	81	155.618487
92	82	66.630734
231	82	17.92747
127	82	8.973922
270	83	156.925424
25	84	185.354421
251	84	10.381029
23	85	12.17981
169	85	11.67964
295	86	12.603223
300	86	18.425979
47	86	8.510821
298	86	9.530405
6	86	3.325317
223	87	148.717776
227	87	26.071473
180	87	20.769124
162	88	14.718147
164	88	30.663512
147	88	15.185281
219	89	64.023433
233	89	35.235713
80	90	52.316106
188	90	72.619774
132	90	15.397432
28	90	2.32619
137	91	69.672076
196	91	32.77928
267	91	20.115727
132	92	456.23497
38	93	21.239857
73	93	2.317132
230	93	0.51385
42	94	97.488488
196	94	49.762895
100	95	32.430163
208	95	13.046389
92	96	92.450542
39	96	26.306862
90	97	14.077537
196	97	33.766424
294	97	19.954014
80	97	8.331846
69	98	45.901751
103	98	29.810951
218	99	120.582666
189	99	44.786112
235	100	22.885607
25	100	3.902563
224	100	2.706092
89	101	56.429851
280	101	16.370404
293	102	57.66247
294	102	15.158815
95	102	7.275229
117	103	38.949745
294	103	23.93861
243	103	29.870358
89	104	34.002359
233	104	37.894469
219	104	7.747796
15	105	54.24024
274	105	26.292768
249	106	30.024082
156	106	40.876435
6	106	84.947223
4	106	12.165077
219	107	10.739343
183	108	19.925726
128	108	1.337465
75	108	31.20354
235	108	6.379382
167	108	3.068249
224	109	42.045742
243	109	55.451338
266	109	20.669922
143	110	60.520393
106	110	25.829712
225	111	50.486236
89	111	35.99521
219	112	49.726318
129	112	13.211313
196	113	51.903623
270	113	42.825916
26	113	3.538625
128	114	3.069576
240	114	32.358809
71	114	36.986774
19	114	4.958488
69	114	15.14238
276	114	4.01823
23	115	86.905654
222	115	30.169372
76	116	20.44231
17	116	7.730062
232	117	99.302284
19	117	19.368272
180	117	19.780092
51	117	0.44937
202	118	137.521885
147	118	53.796938
298	118	3.276899
95	118	15.965446
58	118	3.808257
99	119	27.350853
103	119	23.884359
64	120	48.214914
149	120	27.425944
237	121	43.917633
32	121	5.825429
116	121	22.298536
152	121	1.226134
119	122	64.504261
155	122	19.957779
137	122	46.599491
103	122	12.784719
284	122	2.249858
217	123	259.220952
129	124	14.383808
111	124	19.526681
225	124	3.909183
92	125	518.617993
83	126	248.81499
254	127	54.15054
169	127	6.781948
188	127	13.833432
42	127	7.471268
212	128	71.9259
211	128	19.972366
120	128	12.443619
240	129	12.114903
219	129	8.739822
219	130	75.704687
113	130	18.744703
270	130	11.434469
283	131	7.185456
249	131	39.73396
169	131	5.163443
33	133	47.808354
113	133	3.089957
167	133	30.760163
280	133	3.811935
36	134	27.553955
155	134	29.136973
116	134	5.864708
220	134	4.347277
106	135	11.535926
166	135	15.228684
115	135	2.373861
99	136	397.931999
267	137	134.132047
285	137	30.613765
265	138	10.525627
150	138	7.30979
127	138	1.025084
219	139	33.274481
101	139	13.793548
32	140	17.047098
208	140	13.443838
66	140	42.290798
83	140	29.732948
63	141	27.26137
31	141	22.27862
86	141	5.270357
21	142	141.08692
115	142	42.404698
188	143	87.293014
294	143	41.854294
146	144	327.044837
169	145	81.247187
150	145	21.500601
188	145	10.342562
53	146	220.569023
6	146	65.264373
294	146	16.631329
249	146	6.546237
156	146	1.125364
250	147	318.311402
188	147	14.025237
172	147	6.642578
150	147	5.984445
147	148	103.166786
23	148	16.544387
42	148	1.942799
64	149	116.833561
251	149	24.933502
43	150	45.626437
21	150	43.438722
132	150	25.789025
84	151	507.355915
197	151	0.675802
232	152	67.48539
149	152	22.004393
270	152	24.657309
252	153	143.01351
92	153	0.966154
188	154	116.819236
92	154	55.777115
40	155	45.685801
110	155	9.480625
261	156	13.187231
50	156	4.770408
25	156	4.074709
219	157	37.750491
290	157	11.38881
253	158	23.236662
4	158	57.02694
113	158	17.544072
298	159	28.507947
26	159	29.523845
65	159	3.360428
57	160	24.919314
58	160	44.191114
9	160	2.384688
262	160	13.723247
217	160	20.708168
247	160	8.262837
219	161	12.22809
139	161	15.750631
190	161	5.060561
150	162	92.629103
74	162	30.34195
128	163	62.214267
157	163	22.019602
111	163	4.141746
92	164	72.400687
131	164	186.116573
270	164	4.479384
254	165	47.204123
113	165	8.031007
188	166	9.80989
125	166	27.443656
147	166	19.969588
254	166	7.730004
69	167	174.897026
130	167	50.472822
180	167	24.589835
180	168	37.315711
53	168	12.980691
228	168	4.085297
23	169	16.626229
125	169	66.416249
172	169	46.442438
23	170	83.728226
42	170	44.213724
47	171	129.145218
62	171	40.832913
188	172	38.71415
92	172	78.115875
265	172	46.101245
178	173	9.443347
165	173	62.617913
254	173	51.960297
188	173	15.458139
252	174	11.685933
270	174	57.900324
265	174	5.371426
84	175	6.322672
50	175	5.796859
147	176	13.914826
177	176	19.066133
187	176	15.695633
249	177	51.949189
96	177	43.580008
165	178	303.937625
254	178	31.145113
187	179	25.961216
132	179	20.111649
267	180	74.084248
276	180	34.658226
65	180	15.563768
99	181	10.576836
224	181	4.178788
180	182	56.9169
296	182	21.923543
276	182	11.984785
76	183	23.464838
51	183	17.091105
116	183	7.311051
103	183	6.30445
56	184	39.822207
11	184	37.106359
223	184	74.146062
159	185	151.884446
224	185	60.897952
91	186	57.849861
267	186	18.839216
42	187	7.910548
39	187	18.865336
78	187	34.641494
73	187	6.694552
254	188	129.314335
92	188	62.51604
218	189	47.721544
64	189	11.798381
251	189	8.687827
164	190	33.68349
191	190	25.391009
111	190	4.808567
50	191	177.395321
128	192	33.300017
203	192	83.523956
212	192	4.354226
274	193	46.969319
39	193	1.023945
256	194	3.120661
102	194	2.81361
206	195	32.588833
211	195	95.105783
111	195	16.228134
126	196	126.872802
90	196	85.174803
83	196	7.919009
202	197	53.937803
64	197	17.261415
225	198	78.479805
172	198	46.158235
248	199	283.453341
243	199	51.733014
233	199	38.020848
234	199	10.340278
61	200	164.096583
216	200	39.146385
278	200	58.525856
70	200	4.311127
244	200	1.739858
294	201	29.705455
196	201	56.455966
73	201	10.540348
218	202	62.122286
189	202	34.795927
27	203	25.998181
217	203	20.305237
2	203	17.725108
129	204	16.177291
71	204	4.695435
126	205	9.937111
32	205	19.32366
35	205	12.895975
71	206	55.089111
263	206	25.929023
124	206	23.156835
173	207	16.144523
92	207	8.210966
178	207	50.863417
172	207	7.258394
58	208	51.528143
4	208	10.842386
225	208	12.652817
100	208	37.975484
210	209	169.101501
219	209	14.346068
89	210	57.190183
127	210	45.923447
65	211	98.101078
270	211	21.250167
211	212	52.546323
185	212	29.178385
236	212	45.081546
65	212	6.155494
166	213	43.261399
254	213	6.703037
230	214	84.159072
258	214	11.492818
167	215	7.098762
5	215	11.319381
3	215	18.915667
20	215	12.016533
297	215	9.303218
264	216	326.109635
105	216	306.893255
104	216	119.009561
27	217	242.016223
64	218	100.866453
34	218	29.263343
84	218	5.979045
63	220	24.75413
246	220	13.672626
234	220	3.563957
87	221	34.311391
19	221	6.474407
232	221	10.670426
242	221	1.06139
127	222	25.791542
258	222	7.222865
188	222	21.07159
145	222	25.6908
23	222	3.190272
19	223	60.379986
227	223	30.401688
276	223	5.111886
270	224	97.159849
64	224	28.990748
290	225	218.877756
233	225	95.123118
85	226	48.226261
198	226	30.843644
297	227	27.347989
52	227	14.469015
226	228	86.506002
44	228	54.044903
23	229	15.511403
127	229	8.393726
231	230	97.061798
169	230	21.659395
229	230	48.108431
188	230	10.232192
229	231	119.689209
188	231	12.13786
92	231	5.313706
87	232	38.432545
223	232	58.020555
180	232	30.604185
219	233	81.784867
50	233	12.240658
129	234	49.56003
280	234	5.919227
236	235	214.753056
284	235	14.38864
224	235	7.272963
24	236	209.726725
106	236	29.816637
267	237	39.842164
5	237	32.077122
79	238	18.588256
142	238	14.859261
75	238	3.327381
42	239	42.775375
46	239	16.191658
225	240	114.241593
89	240	37.690358
57	241	79.020067
217	241	20.160313
223	242	47.946988
152	242	21.621355
117	242	12.950157
232	242	3.957489
251	243	14.747503
261	243	13.531687
207	244	63.629232
178	244	27.169484
127	245	70.579484
85	245	44.378948
240	246	48.551275
89	246	11.831696
280	246	1.11837
217	247	42.746768
27	247	32.982039
154	248	210.401441
249	248	36.105283
80	248	22.9082
92	249	79.390417
143	249	28.263572
262	250	129.664233
172	250	93.288831
64	251	811.040712
28	252	29.847786
92	252	13.239148
41	252	1.270621
196	253	35.937001
201	253	21.511847
265	254	74.100565
28	254	7.067446
92	254	4.293669
143	255	1.487437
161	255	14.312555
11	255	9.836314
90	255	0.110793
207	256	34.117945
224	256	13.754667
23	257	107.925546
222	257	28.412672
150	258	47.588923
92	258	43.218142
148	258	19.829978
77	259	39.46271
153	259	30.138318
64	260	35.977136
292	260	20.08461
261	260	6.158419
66	261	126.054136
149	261	49.391255
199	262	46.449991
151	262	12.830093
277	263	141.396158
116	263	45.886997
78	264	56.706725
52	264	8.889737
92	265	60.977889
125	265	23.083736
28	266	84.863531
265	266	24.549796
164	267	69.708694
243	267	61.022141
150	268	47.03466
269	268	55.114126
77	268	20.179275
92	269	123.511865
43	269	62.878033
90	270	81.326653
92	270	78.694851
290	271	9.867324
89	271	18.946376
219	271	8.252987
273	272	36.132144
63	272	43.98505
90	272	18.803278
15	273	84.342377
259	273	25.747947
153	273	9.70111
145	274	3.385996
143	274	31.979092
73	274	23.052283
166	275	44.83997
294	275	51.141098
143	275	17.587262
272	276	173.176846
65	276	115.376405
122	277	444.70913
140	277	77.135613
103	277	87.764532
25	278	6.174623
151	278	6.579879
120	278	3.025436
294	279	91.296894
219	280	26.776972
297	280	15.071077
240	280	36.100435
298	280	13.511982
113	281	60.812624
211	281	90.569216
35	281	41.635846
105	282	31.072565
227	282	35.822697
187	282	8.679836
92	283	74.8765
265	283	25.522644
188	283	9.615176
29	284	148.842226
50	284	103.032617
213	284	23.037103
79	285	58.892969
52	285	34.328593
193	286	34.614253
82	287	16.180779
77	287	36.361481
68	287	30.634447
140	288	20.668997
79	288	61.699875
126	288	35.331837
288	289	147.099331
32	289	11.873679
42	289	1.576452
209	290	55.756157
219	290	50.018185
265	291	47.831605
62	291	30.105281
189	292	53.588566
25	292	55.540411
34	292	1.996667
83	293	3.781702
289	293	8.874812
196	293	6.576887
269	294	66.697926
94	294	72.325391
132	294	40.445933
91	295	56.573772
137	295	8.73448
49	296	19.541228
294	296	32.259742
73	296	24.370489
211	297	80.738221
126	297	32.92485
113	298	25.899986
65	298	112.359299
83	298	5.5051
87	299	139.345139
19	299	12.123762
223	299	10.091797
111	300	10.872878
100	300	20.98335
47	300	15.915455
