300
15	1	13.389737
164	1	4.199366
247	2	239.650803
33	3	2.339045
102	3	18.474838
185	3	9.631655
50	3	7.07567
143	4	11.453392
15	4	22.726366
294	4	11.475932
15	5	30.533886
19	5	85.189341
263	5	33.02272
249	5	0.22226
24	6	415.982183
142	6	193.490996
219	7	110.944027
258	8	18.91047
166	8	7.514238
45	9	127.635108
146	9	112.135669
127	10	46.712407
115	10	13.838256
12	11	127.848896
252	11	27.237672
230	12	28.052138
82	12	25.837786
265	12	22.044081
247	13	13.530342
203	13	29.989418
29	13	1.91361
2	13	0.39003
254	14	18.666549
222	14	6.933604
143	15	8.901457
115	15	39.393644
96	15	23.098797
41	16	9.903072
10	16	7.194524
162	16	0.024687
84	17	32.509851
249	17	14.248821
119	18	5.630415
223	19	30.410255
116	19	53.722806
40	19	3.938729
276	19	1.071076
36	20	75.969833
295	20	11.881923
193	20	6.468681
49	21	542.059003
106	21	20.086975
60	22	97.280694
23	22	64.042405
169	23	10.433638
265	23	29.603025
145	23	20.122222
146	24	337.525978
272	24	212.018868
188	24	55.515352
84	25	194.500005
149	25	45.16967
196	26	210.471449
28	26	45.387976
247	27	42.092689
2	27	28.387182
213	27	6.801157
42	28	34.888316
125	28	24.73168
73	28	3.133645
9	29	72.847462
81	29	39.120897
45	29	7.385297
205	30	2.269431
35	30	14.621218
285	30	4.126496
281	30	1.054742
282	31	27.251306
272	31	26.454681
237	31	5.573227
113	32	11.740477
281	32	13.987234
83	32	2.241536
19	33	29.936393
81	33	6.005748
117	33	4.390912
84	34	18.34954
99	34	11.917516
120	34	3.314417
126	35	34.609891
87	35	24.208723
281	35	3.923676
180	36	36.960612
84	36	29.418288
23	37	41.331093
283	37	33.609501
188	37	13.437749
150	38	7.851229
132	38	10.406178
92	38	9.867094
143	39	12.376576
92	39	12.312135
150	39	12.781757
47	40	55.34995
87	40	29.63125
103	40	1.210781
150	41	11.507219
54	41	27.074675
73	41	9.337152
265	42	115.626908
43	42	17.543924
54	42	0.726736
73	43	70.914494
169	43	24.470555
261	44	29.312285
228	44	34.44622
270	44	0.825945
6	45	30.645462
81	45	19.999416
169	46	26.315079
22	46	16.981363
145	46	2.648808
171	47	108.567815
195	47	23.976198
243	47	23.533514
47	48	320.767692
182	48	18.243817
129	48	15.924277
43	49	102.911412
146	49	338.398574
265	49	19.725762
22	49	8.72957
64	50	48.86653
164	50	48.374104
87	51	61.727278
181	51	18.124386
162	52	174.43202
126	52	114.484492
183	53	68.445584
17	53	7.451219
180	53	1.140769
150	54	25.234499
43	54	8.297949
73	54	1.660644
5	55	115.914349
78	55	22.158713
111	56	68.361325
219	56	21.826586
217	57	65.764449
13	57	0.963303
39	58	115.551085
298	58	117.128879
262	58	8.684646
113	59	11.004536
254	59	16.196106
174	59	2.552881
43	60	34.463748
294	60	7.094413
268	60	0.467517
92	61	3.597427
225	61	13.936076
172	61	4.882968
254	62	60.664571
291	62	36.442807
111	63	5.944683
283	63	5.027515
243	63	4.770385
224	65	38.933183
270	65	2.745844
202	65	1.475345
50	66	110.798632
120	66	20.006121
71	67	29.979633
189	67	16.830662
92	68	65.292252
142	68	142.692031
287	68	12.314912
82	68	3.325042
110	69	38.199437
267	69	74.767991
143	69	6.259377
178	70	78.328891
163	70	43.314177
110	70	21.70749
225	71	37.970723
234	71	34.333296
219	71	27.73795
110	72	119.157227
206	72	43.707622
219	72	21.036452
169	73	472.792403
28	74	12.424306
269	74	4.410217
74	75	66.017585
171	75	22.948357
117	76	140.990526
243	76	0.40995
252	77	88.276168
23	77	67.343245
73	78	26.439921
97	78	2.828451
80	79	69.078139
294	79	30.315466
43	80	70.51358
21	80	44.572763
243	81	155.618487
92	82	66.630734
231	82	17.92747
127	82	8.973922
196	83	139.811412
298	83	31.867759
218	84	8.370489
120	84	23.221921
292	84	9.273295
23	85	12.17981
169	85	11.67964
295	86	12.603223
300	86	18.425979
47	86	8.510821
298	86	9.530405
6	86	3.325317
117	87	119.851799
227	87	45.924776
276	87	19.757647
162	88	14.718147
164	88	30.663512
147	88	15.185281
80	90	52.316106
188	90	72.619774
132	90	15.397432
28	90	2.32619
137	91	69.672076
196	91	32.77928
267	91	20.115727
132	92	148.979866
169	92	41.260836
150	92	9.513449
38	93	21.239857
73	93	2.317132
230	93	0.51385
294	94	21.770569
196	94	68.058982
49	94	11.731438
100	95	32.430163
208	95	13.046389
92	96	92.450542
39	96	26.306862
90	97	14.077537
196	97	33.766424
294	97	19.954014
80	97	8.331846
69	98	45.901751
103	98	29.810951
218	99	120.582666
189	99	44.786112
235	100	22.885607
25	100	3.902563
224	100	2.706092
280	101	46.361767
71	101	65.381555
293	102	57.66247
294	102	15.158815
95	102	7.275229
117	103	38.949745
294	103	23.93861
243	103	29.870358
89	104	34.002359
233	104	37.894469
219	104	7.747796
15	105	54.24024
274	105	26.292768
24	106	73.246077
249	106	40.61306
156	106	36.868591
219	107	10.739343
183	108	19.925726
128	108	1.337465
75	108	31.20354
235	108	6.379382
167	108	3.068249
224	109	42.045742
243	109	55.451338
266	109	20.669922
143	110	60.520393
106	110	25.829712
225	111	50.486236
89	111	35.99521
219	112	49.726318
129	112	13.211313
196	113	83.134395
26	113	19.847574
128	114	3.069576
240	114	32.358809
71	114	36.986774
19	114	4.958488
69	114	15.14238
276	114	4.01823
23	115	86.905654
222	115	30.169372
53	116	65.607124
218	116	43.676003
180	117	211.520813
202	118	137.521885
147	118	53.796938
298	118	3.276899
95	118	15.965446
58	118	3.808257
99	119	27.350853
103	119	23.884359
64	120	68.215089
189	120	20.046654
292	120	0.034212
237	121	43.917633
32	121	5.825429
116	121	22.298536
152	121	1.226134
277	122	346.962703
263	122	15.315444
155	122	16.039525
137	122	12.214737
217	123	259.220952
129	124	14.383808
111	124	19.526681
225	124	3.909183
92	125	53.864005
42	125	31.128502
169	125	3.605618
196	126	113.902258
288	126	6.1613
254	127	58.662506
230	127	64.911465
42	127	47.202818
212	128	71.9259
211	128	19.972366
120	128	12.443619
240	129	12.114903
219	129	8.739822
219	130	75.704687
113	130	18.744703
270	130	11.434469
283	131	7.185456
249	131	39.73396
169	131	5.163443
150	132	63.873062
169	132	28.139665
33	133	47.808354
113	133	3.089957
167	133	30.760163
280	133	3.811935
36	134	27.553955
155	134	29.136973
116	134	5.864708
220	134	4.347277
106	135	11.535926
166	135	15.228684
115	135	2.373861
99	136	397.931999
267	137	134.132047
285	137	30.613765
265	138	10.525627
150	138	7.30979
127	138	1.025084
71	139	42.900382
219	139	30.320371
32	140	17.047098
208	140	13.443838
66	140	42.290798
83	140	29.732948
63	141	27.26137
31	141	22.27862
86	141	5.270357
21	142	141.08692
115	142	42.404698
188	143	87.293014
294	143	41.854294
146	144	327.044837
169	145	144.127758
43	145	41.247314
53	146	177.308212
156	146	122.175726
294	146	61.009337
250	147	308.427212
188	147	71.053846
258	147	34.474795
147	148	103.166786
23	148	16.544387
42	148	1.942799
64	149	62.320734
251	149	9.69784
120	149	3.327848
43	150	27.058733
145	150	44.426825
73	150	6.454776
84	151	507.355915
197	151	0.675802
232	152	67.48539
149	152	22.004393
270	152	24.657309
252	153	111.352102
273	153	5.189241
77	153	0.029749
188	154	65.266781
92	154	41.376526
222	154	1.005729
40	155	9.309386
277	155	4.211384
180	155	0.461585
261	156	13.187231
50	156	4.770408
25	156	4.074709
219	157	37.750491
290	157	11.38881
253	158	23.236662
4	158	57.02694
113	158	17.544072
298	159	28.507947
26	159	29.523845
65	159	3.360428
57	160	24.919314
58	160	44.191114
9	160	2.384688
262	160	13.723247
217	160	20.708168
247	160	8.262837
219	161	12.22809
139	161	15.750631
190	161	5.060561
150	162	92.629103
74	162	30.34195
128	163	62.214267
157	163	22.019602
111	163	4.141746
92	164	219.191812
131	164	185.882998
173	165	138.111285
254	165	44.19978
207	165	2.510404
188	166	9.80989
125	166	27.443656
147	166	19.969588
254	166	7.730004
69	167	174.897026
130	167	50.472822
180	167	24.589835
180	168	37.315711
53	168	12.980691
228	168	4.085297
23	170	43.501616
73	170	11.439763
42	170	4.299787
14	171	62.141898
180	171	54.013737
92	172	104.0703
23	172	9.907836
265	172	9.013806
169	172	1.793335
207	173	149.961509
254	173	65.622644
188	173	9.975822
127	173	0.570158
252	174	11.685933
270	174	57.900324
265	174	5.371426
84	175	6.322672
50	175	5.796859
147	176	13.914826
177	176	19.066133
187	176	15.695633
249	177	51.949189
96	177	43.580008
165	178	167.669364
207	178	65.234992
187	179	25.961216
132	179	20.111649
267	180	86.805167
276	180	86.216185
99	181	10.576836
224	181	4.178788
180	182	56.9169
296	182	21.923543
276	182	11.984785
76	183	52.403539
103	183	3.064697
56	184	39.822207
11	184	37.106359
223	184	74.146062
159	185	151.884446
224	185	60.897952
91	186	57.849861
267	186	18.839216
42	187	7.910548
39	187	18.865336
78	187	34.641494
73	187	6.694552
172	188	68.759494
145	188	26.246814
218	189	47.721544
64	189	11.798381
251	189	8.687827
164	190	33.68349
191	190	25.391009
111	190	4.808567
50	191	177.395321
128	192	119.657946
100	192	8.725612
274	193	46.969319
39	193	1.023945
102	194	16.599643
206	195	32.588833
211	195	95.105783
111	195	16.228134
79	196	84.364026
90	196	19.958759
202	197	53.937803
64	197	17.261415
225	198	78.479805
172	198	46.158235
248	199	267.410008
243	199	43.168493
233	199	41.098056
61	200	164.096583
216	200	39.146385
278	200	58.525856
70	200	4.311127
244	200	1.739858
294	201	29.705455
196	201	56.455966
73	201	10.540348
218	202	62.122286
189	202	34.795927
27	203	37.362215
192	203	48.290201
2	203	6.951293
247	203	6.950919
129	204	16.177291
71	204	4.695435
126	205	9.937111
32	205	19.32366
35	205	12.895975
71	206	55.089111
263	206	25.929023
124	206	23.156835
254	207	76.283212
92	207	36.830361
230	207	4.266783
58	208	51.528143
4	208	10.842386
225	208	12.652817
100	208	37.975484
210	209	169.101501
219	209	14.346068
89	210	57.190183
127	210	45.923447
65	211	24.827991
270	211	24.317312
100	211	10.326721
211	212	52.546323
185	212	29.178385
236	212	45.081546
65	212	6.155494
166	213	76.350561
284	213	44.388686
230	214	84.159072
258	214	11.492818
167	215	7.098762
5	215	11.319381
3	215	18.915667
20	215	12.016533
297	215	9.303218
264	216	326.109635
105	216	306.893255
104	216	119.009561
27	217	136.272812
13	217	26.74785
64	218	95.431653
251	218	32.838755
89	219	227.151145
63	220	24.75413
246	220	13.672626
234	220	3.563957
87	221	34.311391
19	221	6.474407
232	221	10.670426
242	221	1.06139
127	222	25.791542
258	222	7.222865
188	222	21.07159
145	222	25.6908
23	222	3.190272
87	223	34.918433
232	223	38.066387
227	223	1.346547
270	224	97.159849
64	224	28.990748
290	225	218.877756
233	225	95.123118
85	226	48.226261
198	226	30.843644
297	227	3.793378
117	227	19.368791
91	227	9.61129
226	228	46.172936
180	228	12.958901
23	229	32.841655
170	229	5.934625
231	230	97.061798
169	230	21.659395
229	230	48.108431
188	230	10.232192
229	231	119.689209
188	231	12.13786
92	231	5.313706
87	232	101.951829
117	232	31.586935
180	232	2.656642
219	233	24.117637
89	233	21.101341
129	234	49.56003
280	234	5.919227
236	235	214.753056
284	235	14.38864
224	235	7.272963
24	236	209.726725
106	236	29.816637
267	237	39.842164
5	237	32.077122
79	238	18.588256
142	238	14.859261
75	238	3.327381
42	239	15.356086
39	239	25.55575
22	239	8.016635
225	240	48.40064
89	240	8.110323
280	240	3.005561
57	241	79.020067
217	241	20.160313
223	242	47.946988
152	242	21.621355
117	242	12.950157
232	242	3.957489
251	243	66.291849
267	243	50.96944
207	244	63.629232
178	244	27.169484
127	245	70.579484
85	245	44.378948
240	246	48.551275
89	246	11.831696
280	246	1.11837
29	247	143.449943
9	247	96.949961
154	248	210.401441
249	248	36.105283
80	248	22.9082
92	249	79.390417
143	249	28.263572
262	250	129.664233
172	250	93.288831
64	251	811.040712
28	252	29.847786
92	252	13.239148
41	252	1.270621
196	253	35.937001
201	253	21.511847
265	254	76.886799
188	254	43.697655
28	254	3.860784
143	255	1.487437
161	255	14.312555
11	255	9.836314
90	255	0.110793
194	256	90.292189
224	256	31.261998
23	257	107.925546
222	257	28.412672
150	258	54.601277
92	258	18.70452
188	258	8.045925
77	259	39.46271
153	259	30.138318
64	260	35.977136
292	260	20.08461
261	260	6.158419
66	261	115.777806
149	261	21.492147
243	261	3.703892
199	262	46.449991
151	262	12.830093
277	263	141.396158
116	263	45.886997
78	264	56.706725
52	264	8.889737
92	265	89.97663
169	265	76.967698
28	266	84.863531
265	266	24.549796
164	267	21.143148
39	267	14.368061
150	268	20.917261
77	268	22.945597
43	268	13.228316
92	269	138.859622
268	269	84.675064
145	269	3.026809
298	270	45.48795
92	270	163.489856
113	270	25.759965
290	271	9.867324
89	271	18.946376
219	271	8.252987
273	272	47.314967
63	272	54.380754
188	272	18.391025
77	273	160.38001
15	273	51.516853
145	274	3.385996
143	274	31.979092
73	274	23.052283
166	275	44.83997
294	275	51.141098
143	275	17.587262
272	276	108.77797
119	277	43.053058
140	277	22.254686
103	277	16.788905
284	277	1.371721
25	278	6.174623
151	278	6.579879
120	278	3.025436
294	279	91.296894
219	280	67.171808
297	280	15.003025
113	280	5.044945
113	281	119.424954
211	281	76.393129
105	282	31.072565
227	282	35.822697
187	282	8.679836
92	283	74.8765
265	283	25.522644
188	283	9.615176
29	284	188.567267
50	284	76.405272
120	284	12.975389
79	285	58.892969
52	285	34.328593
193	286	34.614253
92	287	19.735372
82	287	42.315835
77	287	8.116093
140	288	10.549038
79	288	17.479842
26	288	10.108399
83	288	1.305998
288	289	147.099331
32	289	11.873679
42	289	1.576452
209	290	55.756157
219	290	50.018185
265	291	64.950411
162	291	8.485506
189	292	5.012474
251	292	94.784243
99	292	0.618366
83	293	3.781702
289	293	8.874812
196	293	6.576887
269	294	78.284624
132	294	66.292332
91	295	56.573772
137	295	8.73448
49	296	19.541228
294	296	32.259742
73	296	24.370489
211	297	80.738221
126	297	32.92485
113	298	223.266599
87	299	139.345139
19	299	12.123762
223	299	10.091797
111	300	10.872878
100	300	20.98335
47	300	15.915455
