300
15	1	13.389737
164	1	4.199366
247	2	239.650803
33	3	2.339045
102	3	18.474838
185	3	9.631655
50	3	7.07567
143	4	11.453392
15	4	22.726366
294	4	11.475932
15	5	30.533886
19	5	85.189341
263	5	33.02272
249	5	0.22226
24	6	415.982183
142	6	193.490996
219	7	110.944027
258	8	18.91047
166	8	7.514238
247	9	59.106458
146	9	139.022905
45	9	34.720698
127	10	46.712407
115	10	13.838256
12	11	127.848896
252	11	27.237672
230	12	28.052138
82	12	25.837786
265	12	22.044081
247	13	28.424713
203	13	37.039078
29	13	10.989548
217	13	7.849073
254	14	18.666549
222	14	6.933604
143	15	8.901457
115	15	39.393644
96	15	23.098797
41	16	9.903072
10	16	7.194524
162	16	0.024687
84	17	32.509851
249	17	14.248821
119	18	5.630415
223	19	30.410255
116	19	53.722806
40	19	3.938729
276	19	1.071076
36	20	75.969833
295	20	11.881923
193	20	6.468681
49	21	614.522609
60	22	97.280694
23	22	64.042405
265	23	9.475684
127	23	27.585171
125	23	14.471316
146	24	213.516815
272	24	325.292245
21	24	59.600359
84	25	194.500005
149	25	45.16967
196	26	210.471449
28	26	45.387976
247	27	42.092689
2	27	28.387182
213	27	6.801157
42	28	39.154944
252	28	28.618865
125	28	26.733059
247	29	220.459319
81	29	185.769883
45	29	65.900756
205	30	2.269431
35	30	14.621218
285	30	4.126496
281	30	1.054742
282	31	27.251306
272	31	26.454681
237	31	5.573227
140	32	76.592555
26	32	40.550001
19	33	29.936393
81	33	6.005748
117	33	4.390912
84	34	18.34954
99	34	11.917516
120	34	3.314417
126	35	34.609891
87	35	24.208723
281	35	3.923676
180	36	36.960612
84	36	29.418288
23	37	41.331093
283	37	33.609501
188	37	13.437749
150	38	64.235395
127	38	15.295745
143	39	12.376576
92	39	12.312135
150	39	12.781757
47	40	55.34995
87	40	29.63125
103	40	1.210781
150	41	28.755038
54	41	25.485024
42	41	0.353026
21	42	155.850721
49	42	97.283156
261	44	29.312285
228	44	34.44622
270	44	0.825945
6	45	30.645462
81	45	19.999416
169	46	26.315079
22	46	16.981363
145	46	2.648808
48	47	361.963959
243	47	35.028046
182	48	41.226194
14	48	26.315163
129	48	10.418579
43	49	259.844224
64	50	48.86653
164	50	48.374104
87	51	61.727278
181	51	18.124386
162	52	174.43202
126	52	114.484492
183	53	36.82433
116	53	20.812119
180	53	4.952263
150	54	20.386607
43	54	12.469564
42	54	8.139476
5	55	115.914349
78	55	22.158713
111	56	68.361325
219	56	21.826586
217	57	65.764449
13	57	0.963303
39	58	115.551085
298	58	117.128879
262	58	8.684646
113	59	11.004536
254	59	16.196106
174	59	2.552881
43	60	34.463748
294	60	7.094413
268	60	0.467517
92	61	3.597427
225	61	13.936076
172	61	4.882968
254	62	60.664571
291	62	36.442807
111	63	5.944683
283	63	5.027515
243	63	4.770385
224	65	87.577516
152	65	36.284531
50	66	29.316208
71	66	42.347706
120	66	35.441565
71	67	29.979633
189	67	16.830662
92	68	65.292252
142	68	142.692031
287	68	12.314912
82	68	3.325042
110	69	38.199437
267	69	74.767991
143	69	6.259377
178	70	78.328891
163	70	43.314177
110	70	21.70749
234	71	146.491455
110	72	119.157227
206	72	43.707622
219	72	21.036452
169	73	6.526294
41	73	19.279358
43	73	19.195159
23	73	1.507658
28	74	12.424306
269	74	4.410217
74	75	66.017585
171	75	22.948357
243	76	141.547332
125	77	42.076418
73	77	28.06879
73	78	26.439921
97	78	2.828451
80	79	69.078139
294	79	30.315466
43	80	70.51358
21	80	44.572763
243	81	155.618487
92	82	66.630734
231	82	17.92747
127	82	8.973922
196	83	34.315262
298	83	30.249057
288	83	9.613458
218	84	8.370489
120	84	23.221921
292	84	9.273295
245	85	79.896523
145	85	95.020795
295	86	18.918732
300	86	14.152702
141	86	13.750056
6	86	4.36284
232	87	201.313569
76	87	30.155135
162	88	14.718147
164	88	30.663512
147	88	15.185281
206	89	62.561792
240	89	49.950232
80	90	52.316106
188	90	72.619774
132	90	15.397432
28	90	2.32619
137	91	69.672076
196	91	32.77928
267	91	20.115727
132	92	167.314659
127	92	45.662002
150	92	2.345882
38	93	21.239857
73	93	2.317132
230	93	0.51385
294	94	21.770569
196	94	68.058982
49	94	11.731438
100	95	32.430163
208	95	13.046389
92	96	92.450542
39	96	26.306862
90	97	91.491067
79	97	12.782414
294	97	11.108958
69	98	45.901751
103	98	29.810951
218	99	120.582666
189	99	44.786112
235	100	22.885607
25	100	3.902563
224	100	2.706092
280	101	46.361767
71	101	65.381555
293	102	57.66247
294	102	15.158815
95	102	7.275229
117	103	66.345806
149	103	13.820061
243	103	1.989424
89	104	34.002359
233	104	37.894469
219	104	7.747796
15	105	54.24024
274	105	26.292768
249	106	30.024082
156	106	40.876435
6	106	84.947223
4	106	12.165077
219	107	10.739343
183	108	19.925726
128	108	1.337465
75	108	31.20354
235	108	6.379382
167	108	3.068249
224	109	42.045742
243	109	55.451338
266	109	20.669922
143	110	60.520393
106	110	25.829712
225	111	50.486236
89	111	35.99521
219	112	49.726318
129	112	13.211313
196	113	83.134395
26	113	19.847574
128	114	3.069576
240	114	32.358809
71	114	36.986774
19	114	4.958488
69	114	15.14238
276	114	4.01823
23	115	86.905654
222	115	30.169372
76	116	37.237138
84	116	7.250571
232	117	152.178839
116	117	13.611452
76	117	9.098265
202	118	137.521885
147	118	53.796938
298	118	3.276899
95	118	15.965446
58	118	3.808257
99	119	27.350853
103	119	23.884359
64	120	5.529956
189	120	10.049523
149	120	8.359997
237	121	43.917633
32	121	5.825429
116	121	22.298536
152	121	1.226134
277	122	346.962703
263	122	15.315444
155	122	16.039525
137	122	12.214737
217	123	259.220952
129	124	14.383808
111	124	19.526681
225	124	3.909183
92	125	140.358965
42	125	84.910558
196	126	113.902258
288	126	6.1613
42	127	82.242053
150	127	43.847351
212	128	71.9259
211	128	19.972366
120	128	12.443619
240	129	24.390601
71	129	5.455881
219	130	75.704687
113	130	18.744703
270	130	11.434469
172	131	0.879736
283	131	13.845519
222	131	1.343136
150	132	12.273199
38	132	19.385967
43	132	5.991776
33	133	47.808354
113	133	3.089957
167	133	30.760163
280	133	3.811935
36	134	27.553955
155	134	29.136973
116	134	5.864708
220	134	4.347277
106	135	11.535926
166	135	15.228684
115	135	2.373861
99	136	397.931999
267	137	134.132047
285	137	30.613765
265	138	10.525627
150	138	7.30979
127	138	1.025084
71	139	42.900382
219	139	30.320371
58	140	28.796007
66	140	74.20334
196	140	53.277888
63	141	42.81778
31	141	12.234802
281	141	2.515195
21	142	141.08692
115	142	42.404698
188	143	87.293014
294	143	41.854294
146	144	327.044837
169	145	81.247187
150	145	21.500601
188	145	10.342562
53	146	164.479648
68	146	20.986993
156	146	9.399434
166	147	189.010748
188	147	150.307357
172	147	12.656372
147	148	103.166786
23	148	16.544387
42	148	1.942799
64	149	781.808551
43	150	115.71984
21	150	72.063752
84	151	507.355915
197	151	0.675802
232	152	67.48539
149	152	22.004393
270	152	24.657309
77	153	91.977865
92	153	7.193138
188	154	65.266781
92	154	41.376526
222	154	1.005729
40	155	9.309386
277	155	4.211384
180	155	0.461585
261	156	13.187231
50	156	4.770408
25	156	4.074709
219	157	37.750491
290	157	11.38881
253	158	23.236662
4	158	57.02694
113	158	17.544072
185	159	122.602948
113	159	9.729721
298	159	6.591974
57	160	24.919314
58	160	44.191114
9	160	2.384688
262	160	13.723247
217	160	20.708168
247	160	8.262837
219	161	12.22809
139	161	15.750631
190	161	5.060561
150	162	92.629103
74	162	30.34195
128	163	62.214267
157	163	22.019602
111	163	4.141746
92	164	162.222142
131	164	118.4489
147	164	11.847145
178	165	419.165278
188	166	25.854626
125	166	19.374071
254	166	11.175972
69	167	174.897026
130	167	50.472822
180	167	24.589835
180	168	37.315711
53	168	12.980691
228	168	4.085297
125	169	71.838183
172	169	57.708741
127	169	19.624614
23	170	43.501616
73	170	11.439763
42	170	4.299787
47	171	129.145218
62	171	40.832913
92	172	132.916506
23	172	30.532077
265	172	30.184394
207	173	29.464087
165	173	132.108491
254	173	59.642878
188	173	18.944532
252	174	11.685933
270	174	57.900324
265	174	5.371426
84	175	6.322672
50	175	5.796859
147	176	13.914826
177	176	19.066133
187	176	15.695633
249	177	51.949189
96	177	43.580008
254	178	145.87818
187	179	25.961216
132	179	20.111649
117	180	0.583496
267	180	43.680182
232	180	4.040411
99	181	10.576836
224	181	4.178788
180	182	56.9169
296	182	21.923543
276	182	11.984785
76	183	35.424344
103	183	2.602449
116	183	1.49073
56	184	39.822207
11	184	37.106359
223	184	74.146062
152	185	57.06446
211	185	82.433278
91	186	57.849861
267	186	18.839216
42	187	7.910548
39	187	18.865336
78	187	34.641494
73	187	6.694552
172	188	42.130078
254	188	91.980106
150	188	12.675699
127	188	10.982444
218	189	95.637745
197	189	15.457415
251	189	13.908472
164	190	55.110932
111	190	2.507535
190	191	54.853394
218	191	54.095332
128	192	33.300017
203	192	83.523956
212	192	4.354226
274	193	46.969319
39	193	1.023945
102	194	16.599643
206	195	32.588833
211	195	95.105783
111	195	16.228134
79	196	61.02826
97	196	39.785329
64	197	10.647941
218	197	9.535755
225	198	78.479805
172	198	46.158235
248	199	283.453341
243	199	51.733014
233	199	38.020848
234	199	10.340278
61	200	164.096583
216	200	39.146385
278	200	58.525856
70	200	4.311127
244	200	1.739858
294	201	29.705455
196	201	56.455966
73	201	10.540348
197	202	151.821556
189	202	22.392635
27	203	27.500448
217	203	41.379321
9	203	10.872562
2	203	10.430856
129	204	16.177291
71	204	4.695435
126	205	9.937111
32	205	19.32366
35	205	12.895975
71	206	143.677336
263	206	8.086744
178	207	280.522948
172	207	154.229461
140	208	7.312723
4	208	1.957381
225	208	14.557139
100	208	37.586126
58	208	1.626327
206	209	201.45389
209	210	181.820062
127	210	6.649269
65	211	24.827991
270	211	24.317312
100	211	10.326721
211	212	52.546323
185	212	29.178385
236	212	45.081546
65	212	6.155494
166	213	76.350561
284	213	44.388686
230	214	84.159072
258	214	11.492818
167	215	7.098762
5	215	11.319381
3	215	18.915667
20	215	12.016533
297	215	9.303218
264	216	326.109635
105	216	306.893255
104	216	119.009561
27	217	116.320242
247	217	21.47971
64	218	95.431653
251	218	32.838755
89	219	15.00363
233	219	19.150036
206	219	14.678914
71	219	9.889396
63	220	24.75413
246	220	13.672626
234	220	3.563957
87	221	34.311391
19	221	6.474407
232	221	10.670426
242	221	1.06139
127	222	25.791542
258	222	7.222865
188	222	21.07159
145	222	25.6908
23	222	3.190272
87	223	34.918433
232	223	38.066387
227	223	1.346547
4	224	56.968193
197	224	30.694087
290	225	239.181971
234	225	141.650527
71	225	35.1379
85	226	48.226261
198	226	30.843644
87	227	36.513618
91	227	14.708846
226	228	46.172936
180	228	12.958901
230	229	374.54619
231	230	263.498305
169	230	28.38996
170	230	7.139021
127	231	9.575144
188	231	20.828055
23	231	4.656275
76	232	161.621565
50	233	143.828572
233	234	147.367302
236	235	214.753056
284	235	14.38864
224	235	7.272963
24	236	209.726725
106	236	29.816637
267	237	39.842164
5	237	32.077122
79	238	18.588256
142	238	14.859261
75	238	3.327381
42	239	15.356086
39	239	25.55575
22	239	8.016635
225	240	31.993299
234	240	41.542667
233	240	3.217164
206	240	0.738659
57	241	79.020067
217	241	20.160313
223	242	47.946988
152	242	21.621355
117	242	12.950157
232	242	3.957489
251	243	66.291849
267	243	50.96944
207	244	63.629232
178	244	27.169484
127	245	29.251236
125	245	11.818054
240	246	48.551275
89	246	11.831696
280	246	1.11837
45	247	132.015871
154	248	210.401441
249	248	36.105283
80	248	22.9082
92	249	79.390417
143	249	28.263572
147	250	126.686932
172	250	14.456745
64	251	23.299858
149	251	18.625957
153	252	160.802855
41	252	21.51883
125	252	19.671911
196	253	35.937001
201	253	21.511847
127	254	59.213765
265	254	57.444189
143	255	1.487437
161	255	14.312555
11	255	9.836314
90	255	0.110793
194	256	90.292189
224	256	31.261998
23	257	107.925546
222	257	28.412672
150	258	47.588923
92	258	43.218142
148	258	19.829978
77	259	39.46271
153	259	30.138318
64	260	35.977136
292	260	20.08461
261	260	6.158419
66	261	115.777806
149	261	21.492147
243	261	3.703892
199	262	55.256327
151	262	9.554806
147	262	7.451551
277	263	141.396158
116	263	45.886997
78	264	56.706725
52	264	8.889737
42	265	41.25095
92	265	43.394081
127	265	1.80731
28	266	84.863531
265	266	24.549796
164	267	385.694926
150	268	20.917261
77	268	22.945597
43	268	13.228316
294	269	156.243172
268	269	75.163489
145	269	11.942167
224	270	49.971349
113	270	153.064556
92	270	3.868259
290	271	9.867324
89	271	18.946376
219	271	8.252987
273	272	36.132144
63	272	43.98505
90	272	18.803278
15	273	84.342377
259	273	25.747947
153	273	9.70111
145	274	3.385996
143	274	31.979092
73	274	23.052283
166	275	44.83997
294	275	51.141098
143	275	17.587262
272	276	240.542962
87	276	97.01935
65	276	55.315454
119	277	85.525898
140	277	28.905522
103	277	16.611102
25	278	6.174623
151	278	6.579879
120	278	3.025436
294	279	91.296894
219	280	26.776972
297	280	15.071077
240	280	36.100435
298	280	13.511982
113	281	14.124637
211	281	89.3087
126	281	19.33897
105	282	31.072565
227	282	35.822697
187	282	8.679836
92	283	74.8765
265	283	25.522644
188	283	9.615176
29	284	188.567267
50	284	76.405272
120	284	12.975389
79	285	58.892969
52	285	34.328593
193	286	34.614253
92	287	19.735372
82	287	42.315835
77	287	8.116093
140	288	42.304353
79	288	24.729269
26	288	28.89433
288	289	147.099331
32	289	11.873679
42	289	1.576452
209	290	86.343008
233	290	14.975012
265	291	64.950411
162	291	8.485506
218	292	41.327529
189	292	14.637323
120	292	5.660262
83	293	3.781702
289	293	8.874812
196	293	6.576887
132	294	152.160898
146	294	76.162734
91	295	56.573772
137	295	8.73448
49	296	19.541228
294	296	32.259742
73	296	24.370489
227	297	103.176181
211	297	68.19547
113	298	145.280978
65	298	116.336636
87	299	139.345139
19	299	12.123762
223	299	10.091797
111	300	10.872878
100	300	20.98335
47	300	15.915455
