300
15	1	13.389737
164	1	4.199366
247	2	30.811172
27	2	5.141703
33	3	2.339045
102	3	18.474838
185	3	9.631655
50	3	7.07567
143	4	11.453392
15	4	22.726366
294	4	11.475932
15	5	30.533886
19	5	85.189341
263	5	33.02272
249	5	0.22226
24	6	415.982183
142	6	193.490996
219	7	110.944027
258	8	18.91047
166	8	7.514238
247	9	59.106458
146	9	139.022905
45	9	34.720698
127	10	46.712407
115	10	13.838256
12	11	127.848896
252	11	27.237672
230	12	28.052138
82	12	25.837786
265	12	22.044081
247	13	13.530342
203	13	29.989418
29	13	1.91361
2	13	0.39003
254	14	18.666549
222	14	6.933604
143	15	8.901457
115	15	39.393644
96	15	23.098797
41	16	9.903072
10	16	7.194524
162	16	0.024687
84	17	352.037834
119	18	5.630415
223	19	30.410255
116	19	53.722806
40	19	3.938729
276	19	1.071076
36	20	75.969833
295	20	11.881923
193	20	6.468681
146	21	468.751246
60	22	97.280694
23	22	64.042405
169	23	10.433638
265	23	29.603025
145	23	20.122222
146	24	213.516815
272	24	325.292245
21	24	59.600359
84	25	194.500005
149	25	45.16967
196	26	21.855117
28	26	69.44811
126	26	19.430816
247	27	45.140575
213	27	15.759688
29	27	2.706448
42	28	9.581359
125	28	20.959859
21	28	4.481919
247	29	220.459319
81	29	185.769883
45	29	65.900756
205	30	2.269431
35	30	14.621218
285	30	4.126496
281	30	1.054742
282	31	27.251306
272	31	26.454681
237	31	5.573227
113	32	11.740477
281	32	13.987234
83	32	2.241536
19	33	29.936393
81	33	6.005748
117	33	4.390912
84	34	18.34954
99	34	11.917516
120	34	3.314417
126	35	117.873005
87	35	24.227279
180	36	36.960612
84	36	29.418288
23	37	41.331093
283	37	33.609501
188	37	13.437749
150	38	65.322182
54	38	0.11209
143	39	12.376576
92	39	12.312135
150	39	12.781757
47	40	55.34995
87	40	29.63125
103	40	1.210781
150	41	28.755038
54	41	25.485024
42	41	0.353026
265	42	51.789882
43	42	27.626471
21	42	18.719031
150	43	100.819366
268	43	30.343639
261	44	2.712718
180	44	28.799933
36	44	5.145493
6	45	30.645462
81	45	19.999416
169	46	26.315079
22	46	16.981363
145	46	2.648808
14	47	26.410657
243	47	44.24544
300	47	2.430159
47	48	360.588092
129	48	12.619585
21	49	345.606005
43	49	27.315606
42	49	11.676818
22	49	30.156597
125	49	1.343166
64	50	254.643493
87	51	61.727278
181	51	18.124386
162	52	174.43202
126	52	114.484492
183	53	28.085789
116	53	12.844689
232	53	2.923756
150	54	50.135628
43	54	50.068075
5	55	115.914349
78	55	22.158713
111	56	68.361325
219	56	21.826586
217	57	65.764449
13	57	0.963303
39	58	120.356597
298	58	85.071549
262	58	11.578869
31	58	9.673234
113	59	11.004536
254	59	16.196106
174	59	2.552881
43	60	34.463748
294	60	7.094413
268	60	0.467517
92	61	3.597427
225	61	13.936076
172	61	4.882968
254	62	60.664571
291	62	36.442807
111	63	5.944683
283	63	5.027515
243	63	4.770385
149	64	296.755938
189	64	77.280079
34	65	15.354391
202	65	1.660579
50	66	29.316208
71	66	42.347706
120	66	35.441565
71	67	29.979633
189	67	16.830662
92	68	65.292252
142	68	142.692031
287	68	12.314912
82	68	3.325042
110	69	38.199437
267	69	74.767991
143	69	6.259377
178	70	78.328891
163	70	43.314177
110	70	21.70749
225	71	37.970723
234	71	34.333296
219	71	27.73795
110	72	119.157227
206	72	43.707622
219	72	21.036452
169	73	58.016507
41	73	24.493018
43	73	18.720537
28	74	12.424306
269	74	4.410217
74	75	66.017585
171	75	22.948357
117	76	70.755672
87	76	5.672504
125	77	7.466759
73	77	13.550758
28	77	0.853924
73	78	26.439921
97	78	2.828451
80	79	69.078139
294	79	30.315466
43	80	70.51358
21	80	44.572763
243	81	155.618487
92	82	66.630734
231	82	17.92747
127	82	8.973922
196	83	69.598626
298	83	26.77258
289	83	6.778579
218	84	8.370489
120	84	23.221921
292	84	9.273295
245	85	79.896523
145	85	95.020795
295	86	18.918732
300	86	14.152702
141	86	13.750056
6	86	4.36284
232	87	73.22245
223	87	28.40965
227	87	28.319101
162	88	14.718147
164	88	30.663512
147	88	15.185281
233	89	233.249093
80	90	52.316106
188	90	72.619774
132	90	15.397432
28	90	2.32619
186	91	51.575052
196	91	58.558325
267	91	35.696789
132	92	144.423458
150	92	50.935096
38	93	21.239857
73	93	2.317132
230	93	0.51385
294	94	21.770569
196	94	68.058982
49	94	11.731438
100	95	32.430163
208	95	13.046389
92	96	92.450542
39	96	26.306862
90	97	91.491067
79	97	12.782414
294	97	11.108958
69	98	45.901751
103	98	29.810951
218	99	120.582666
189	99	44.786112
235	100	22.885607
25	100	3.902563
224	100	2.706092
280	101	46.361767
71	101	65.381555
293	102	57.66247
294	102	15.158815
95	102	7.275229
117	103	69.469752
149	103	23.500271
294	103	5.737886
89	104	34.002359
233	104	37.894469
219	104	7.747796
15	105	54.24024
274	105	26.292768
249	106	30.024082
156	106	40.876435
6	106	84.947223
4	106	12.165077
219	107	10.739343
183	108	19.925726
128	108	1.337465
75	108	31.20354
235	108	6.379382
167	108	3.068249
224	109	42.045742
243	109	55.451338
266	109	20.669922
143	110	60.520393
106	110	25.829712
225	111	50.486236
89	111	35.99521
219	112	49.726318
129	112	13.211313
270	113	106.875067
97	113	67.968139
128	114	3.069576
240	114	32.358809
71	114	36.986774
19	114	4.958488
69	114	15.14238
276	114	4.01823
23	115	86.905654
222	115	30.169372
76	116	20.44231
17	116	7.730062
232	117	57.471359
87	117	1.886897
51	117	1.61413
202	118	137.521885
147	118	53.796938
298	118	3.276899
95	118	15.965446
58	118	3.808257
99	119	74.672511
64	120	5.529956
189	120	10.049523
149	120	8.359997
237	121	43.917633
32	121	5.825429
116	121	22.298536
152	121	1.226134
119	122	152.32239
217	123	259.220952
129	124	14.383808
111	124	19.526681
225	124	3.909183
92	125	140.358965
42	125	84.910558
196	126	111.157442
83	126	6.040073
42	127	48.353877
92	127	30.390917
265	127	6.693288
212	128	71.9259
211	128	19.972366
120	128	12.443619
240	129	12.114903
219	129	8.739822
219	130	75.704687
113	130	18.744703
270	130	11.434469
283	131	16.861292
249	131	49.375104
187	131	5.721936
150	132	12.273199
38	132	19.385967
43	132	5.991776
33	133	47.808354
113	133	3.089957
167	133	30.760163
280	133	3.811935
36	134	27.553955
155	134	29.136973
116	134	5.864708
220	134	4.347277
106	135	11.535926
166	135	15.228684
115	135	2.373861
99	136	397.931999
91	137	100.669307
267	137	38.059617
265	138	10.525627
150	138	7.30979
127	138	1.025084
71	139	42.900382
219	139	30.320371
32	140	6.858459
58	140	14.723734
66	140	41.815381
83	140	28.14412
63	141	42.81778
31	141	12.234802
281	141	2.515195
21	142	141.08692
115	142	42.404698
188	143	87.293014
294	143	41.854294
146	144	327.044837
169	145	85.90907
150	145	41.156892
73	145	2.027391
53	146	156.046539
156	146	105.906138
250	147	318.311402
188	147	14.025237
172	147	6.642578
150	147	5.984445
147	148	103.166786
23	148	16.544387
42	148	1.942799
292	149	585.830554
21	150	439.304388
84	151	507.355915
197	151	0.675802
65	152	55.897886
149	152	20.666906
259	153	148.712076
92	153	72.723692
188	154	116.819236
92	154	55.777115
40	155	9.309386
277	155	4.211384
180	155	0.461585
261	156	13.187231
50	156	4.770408
25	156	4.074709
219	157	37.750491
290	157	11.38881
253	158	23.236662
4	158	57.02694
113	158	17.544072
185	159	122.602948
113	159	9.729721
298	159	6.591974
57	160	24.919314
58	160	44.191114
9	160	2.384688
262	160	13.723247
217	160	20.708168
247	160	8.262837
219	161	12.22809
139	161	15.750631
190	161	5.060561
150	162	92.629103
74	162	30.34195
128	163	62.214267
157	163	22.019602
111	163	4.141746
92	164	4.172174
131	164	125.763043
50	164	15.76957
147	164	9.752258
178	165	93.452608
173	165	64.910998
254	165	24.392252
188	166	9.80989
125	166	27.443656
147	166	19.969588
254	166	7.730004
69	167	174.897026
130	167	50.472822
180	167	24.589835
180	168	37.315711
53	168	12.980691
228	168	4.085297
125	169	23.430985
127	169	10.79826
150	169	8.889418
265	169	5.673784
23	170	43.501616
73	170	11.439763
42	170	4.299787
47	171	129.145218
62	171	40.832913
92	172	104.0703
23	172	9.907836
265	172	9.013806
169	172	1.793335
178	173	222.423715
188	173	15.35733
254	173	36.140578
252	174	11.685933
270	174	57.900324
265	174	5.371426
84	175	6.322672
50	175	5.796859
147	176	13.914826
177	176	19.066133
187	176	15.695633
249	177	51.949189
96	177	43.580008
254	178	145.87818
187	179	25.961216
132	179	20.111649
117	180	30.796923
267	180	63.630488
65	180	5.24327
276	180	3.133484
99	181	10.576836
224	181	4.178788
180	182	48.912298
48	182	11.269026
296	182	4.533554
276	182	3.904139
87	182	0.472979
76	183	41.466093
51	183	13.389169
116	183	5.586935
56	184	39.822207
11	184	37.106359
223	184	74.146062
212	185	11.693578
152	185	54.290402
211	185	6.71073
128	185	9.433055
267	186	117.836779
52	186	19.975319
42	187	7.910548
39	187	18.865336
78	187	34.641494
73	187	6.694552
172	188	42.130078
254	188	91.980106
150	188	12.675699
127	188	10.982444
164	190	55.110932
111	190	2.507535
190	191	54.853394
218	191	54.095332
128	192	33.300017
203	192	83.523956
212	192	4.354226
274	193	46.969319
39	193	1.023945
256	194	3.120661
102	194	2.81361
206	195	39.183661
111	195	13.994288
113	196	168.920873
79	196	89.774665
202	197	53.937803
64	197	17.261415
225	198	78.479805
172	198	46.158235
248	199	283.453341
243	199	51.733014
233	199	38.020848
234	199	10.340278
61	200	164.096583
216	200	39.146385
278	200	58.525856
70	200	4.311127
244	200	1.739858
294	201	29.705455
196	201	56.455966
73	201	10.540348
218	202	62.122286
189	202	34.795927
27	203	35.532533
2	203	4.714651
247	203	14.357121
9	203	0.399891
129	204	16.177291
71	204	4.695435
126	205	9.937111
32	205	19.32366
35	205	12.895975
71	206	55.089111
263	206	25.929023
124	206	23.156835
173	207	16.144523
92	207	8.210966
178	207	50.863417
172	207	7.258394
140	208	7.312723
4	208	1.957381
225	208	14.557139
100	208	37.586126
58	208	1.626327
219	209	18.828058
89	209	13.562771
209	210	181.820062
127	210	6.649269
65	211	130.927793
195	211	47.501582
211	212	88.047597
235	212	31.674613
65	212	17.46423
166	213	76.350561
284	213	44.388686
230	214	84.159072
258	214	11.492818
167	215	7.098762
5	215	11.319381
3	215	18.915667
20	215	12.016533
297	215	9.303218
264	216	326.109635
105	216	306.893255
104	216	119.009561
27	217	136.272812
13	217	26.74785
64	218	20.181541
189	218	58.064694
149	218	0.221975
89	219	59.535789
233	219	35.009714
63	220	24.75413
246	220	13.672626
234	220	3.563957
87	221	34.311391
19	221	6.474407
232	221	10.670426
242	221	1.06139
127	222	25.791542
258	222	7.222865
188	222	21.07159
145	222	25.6908
23	222	3.190272
227	223	126.888591
65	224	43.17716
211	224	21.353008
290	225	218.877756
233	225	95.123118
85	226	48.226261
198	226	30.843644
297	227	65.508365
226	228	86.506002
44	228	54.044903
23	229	15.511403
127	229	8.393726
229	230	160.61057
188	230	17.646402
92	230	20.324073
127	230	0.827834
230	231	661.401645
223	232	162.322809
242	232	14.468364
50	233	143.828572
129	234	49.56003
280	234	5.919227
236	235	214.753056
284	235	14.38864
224	235	7.272963
24	236	209.726725
106	236	29.816637
267	237	39.842164
5	237	32.077122
79	238	18.588256
142	238	14.859261
75	238	3.327381
42	239	15.356086
39	239	25.55575
22	239	8.016635
225	240	114.241593
89	240	37.690358
57	241	79.020067
217	241	20.160313
223	242	161.720565
152	242	27.064136
251	243	3.533656
103	243	15.52518
261	243	11.688202
207	244	63.629232
178	244	27.169484
127	245	29.251236
125	245	11.818054
240	246	48.551275
89	246	11.831696
280	246	1.11837
45	247	132.015871
154	248	210.401441
249	248	36.105283
80	248	22.9082
92	249	79.390417
143	249	28.263572
262	250	129.664233
172	250	93.288831
64	251	109.913009
189	251	33.623146
84	251	15.076029
153	252	158.047356
28	252	21.707127
41	252	6.579118
196	253	35.937001
201	253	21.511847
127	254	59.213765
265	254	57.444189
143	255	1.487437
161	255	14.312555
11	255	9.836314
90	255	0.110793
207	256	34.117945
224	256	13.754667
23	257	107.925546
222	257	28.412672
150	258	47.588923
92	258	43.218142
148	258	19.829978
77	259	114.725992
273	259	3.91545
64	260	35.977136
292	260	20.08461
261	260	6.158419
66	261	126.054136
149	261	49.391255
199	262	46.449991
151	262	12.830093
277	263	129.398019
84	263	35.411648
78	264	56.706725
52	264	8.889737
92	265	114.936414
21	265	52.936931
28	266	84.863531
265	266	24.549796
164	267	69.708694
243	267	61.022141
150	268	74.933489
21	268	2.680846
294	269	156.243172
268	269	75.163489
145	269	11.942167
224	270	3.279572
90	270	107.059783
65	270	13.369662
290	271	9.867324
89	271	18.946376
219	271	8.252987
273	272	36.132144
63	272	43.98505
90	272	18.803278
77	273	160.38001
15	273	51.516853
145	274	3.385996
143	274	31.979092
73	274	23.052283
166	275	44.83997
294	275	51.141098
143	275	17.587262
272	276	251.983764
87	276	34.199849
65	276	55.558688
40	276	10.873564
122	277	468.181265
152	277	126.288195
25	278	6.174623
151	278	6.579879
120	278	3.025436
294	279	91.296894
219	280	64.299673
240	280	23.622984
113	281	60.812624
211	281	90.569216
35	281	41.635846
105	282	31.072565
227	282	35.822697
187	282	8.679836
92	283	74.8765
265	283	25.522644
188	283	9.615176
29	284	188.567267
50	284	76.405272
120	284	12.975389
79	285	58.892969
52	285	34.328593
193	286	34.614253
92	287	19.735372
82	287	42.315835
77	287	8.116093
289	288	193.993624
126	288	68.676224
201	288	12.713392
196	289	66.299315
42	289	35.351988
209	290	55.756157
219	290	50.018185
265	291	64.950411
162	291	8.485506
189	292	568.786919
83	293	3.781702
289	293	8.874812
196	293	6.576887
132	294	152.160898
146	294	76.162734
91	295	56.573772
137	295	8.73448
49	296	19.541228
294	296	32.259742
73	296	24.370489
211	297	49.341075
280	297	24.263315
113	298	145.280978
65	298	116.336636
87	299	139.345139
19	299	12.123762
223	299	10.091797
100	300	56.341041
89	300	58.832206
